412
1 55 1 438
2 26 1 458
3 25 1 301
4 21 1 402
5 21 1 435
6 16 1 362
7 16 1 455
8 15 1 215
9 13 1 335
10 13 1 208
11 13 1 304
12 12 1 228
13 10 1 343
14 8 1 317
15 7 1 472
16 6 1 406
17 5 1 443
18 2 1 436
19 2 1 442
20 1 1 456
21 1 1 452
22 20 2 438 435
23 5 3 438 435 362
24 1 4 438 435 362 343
25 1 5 438 435 362 343 304
26 1 4 438 435 362 304
27 2 3 438 435 317
28 2 3 438 435 406
29 1 3 438 435 304
30 1 4 438 435 304 343
31 1 3 438 435 343
32 8 2 438 402
33 4 3 438 402 435
34 2 4 438 402 435 362
35 1 4 438 402 435 317
36 2 3 438 402 304
37 2 3 438 402 362
38 1 3 438 402 228
39 1 3 438 402 317
40 8 2 438 304
41 3 3 438 304 406
42 1 4 438 304 406 436
43 1 3 438 304 343
44 1 3 438 304 436
45 7 2 438 362
46 1 3 438 362 343
47 1 4 438 362 343 304
48 1 3 438 362 304
49 6 2 438 301
50 2 3 438 301 343
51 2 3 438 301 362
52 1 3 438 301 208
53 1 4 438 301 208 343
54 1 3 438 301 228
55 1 3 438 301 435
56 1 4 438 301 435 362
57 6 2 438 317
58 1 3 438 317 406
59 6 2 438 406
60 1 3 438 406 436
61 6 2 438 228
62 1 3 438 228 317
63 5 2 438 208
64 2 3 438 208 228
65 1 3 438 208 343
66 5 2 438 343
67 2 3 438 343 317
68 5 2 438 335
69 4 3 438 335 317
70 1 4 438 335 317 406
71 2 3 438 335 343
72 2 4 438 335 343 317
73 1 3 438 335 208
74 1 3 438 335 228
75 1 4 438 335 228 317
76 1 3 438 335 406
77 1 2 438 436
78 1 2 438 215
79 1 3 438 215 228
80 1 4 438 215 228 208
81 1 3 438 215 208
82 21 2 458 438
83 11 3 458 438 435
84 3 4 458 438 435 455
85 1 5 458 438 435 455 442
86 2 4 458 438 435 406
87 1 5 458 438 435 406 443
88 2 4 458 438 435 362
89 1 5 458 438 435 362 443
90 2 4 458 438 435 443
91 1 4 458 438 435 317
92 1 4 458 438 435 442
93 7 3 458 438 455
94 2 4 458 438 455 335
95 1 5 458 438 455 335 208
96 1 5 458 438 455 335 317
97 1 6 458 438 455 335 317 406
98 1 5 458 438 455 335 406
99 1 4 458 438 455 317
100 1 5 458 438 455 317 406
101 1 4 458 438 455 208
102 1 4 458 438 455 443
103 1 4 458 438 455 442
104 1 4 458 438 455 406
105 5 3 458 438 406
106 1 4 458 438 406 436
107 1 4 458 438 406 443
108 4 3 458 438 402
109 2 4 458 438 402 435
110 1 5 458 438 402 435 443
111 1 6 458 438 402 435 443 362
112 1 5 458 438 402 435 362
113 1 4 458 438 402 304
114 1 4 458 438 402 362
115 1 5 458 438 402 362 443
116 1 4 458 438 402 443
117 3 3 458 438 443
118 3 3 458 438 304
119 2 4 458 438 304 406
120 1 5 458 438 304 406 436
121 1 4 458 438 304 436
122 2 3 458 438 317
123 1 4 458 438 317 406
124 2 3 458 438 208
125 2 3 458 438 335
126 1 4 458 438 335 208
127 1 4 458 438 335 317
128 1 5 458 438 335 317 406
129 1 4 458 438 335 406
130 2 3 458 438 362
131 1 4 458 438 362 443
132 1 3 458 438 436
133 1 3 458 438 301
134 1 3 458 438 442
135 11 2 458 435
136 3 3 458 435 455
137 1 4 458 435 455 442
138 2 3 458 435 406
139 1 4 458 435 406 443
140 2 3 458 435 362
141 1 4 458 435 362 443
142 2 3 458 435 443
143 1 3 458 435 317
144 1 3 458 435 442
145 9 2 458 402
146 3 3 458 402 362
147 1 4 458 402 362 443
148 1 4 458 402 362 455
149 2 3 458 402 435
150 1 4 458 402 435 443
151 1 5 458 402 435 443 362
152 1 4 458 402 435 362
153 2 3 458 402 443
154 1 3 458 402 304
155 1 3 458 402 228
156 1 4 458 402 228 317
157 1 3 458 402 455
158 1 3 458 402 317
159 8 2 458 455
160 2 3 458 455 335
161 1 4 458 455 335 208
162 1 4 458 455 335 317
163 1 5 458 455 335 317 406
164 1 4 458 455 335 406
165 1 3 458 455 317
166 1 4 458 455 317 406
167 1 3 458 455 208
168 1 3 458 455 443
169 1 3 458 455 442
170 1 3 458 455 406
171 5 2 458 406
172 1 3 458 406 436
173 1 3 458 406 443
174 4 2 458 362
175 1 3 458 362 443
176 1 3 458 362 455
177 4 2 458 443
178 3 2 458 317
179 1 3 458 317 406
180 3 2 458 304
181 2 3 458 304 406
182 1 4 458 304 406 436
183 1 3 458 304 436
184 2 2 458 208
185 2 2 458 335
186 1 3 458 335 208
187 1 3 458 335 317
188 1 4 458 335 317 406
189 1 3 458 335 406
190 1 2 458 228
191 1 3 458 228 317
192 1 2 458 442
193 1 2 458 436
194 1 2 458 301
195 11 2 301 215
196 3 3 301 215 208
197 1 4 301 215 208 228
198 2 3 301 215 228
199 5 2 301 208
200 1 3 301 208 228
201 5 2 301 228
202 6 2 402 362
203 2 3 402 362 208
204 1 4 402 362 208 228
205 2 3 402 362 215
206 2 4 402 362 215 208
207 1 5 402 362 215 208 228
208 1 4 402 362 215 228
209 1 3 402 362 228
210 4 2 402 208
211 1 3 402 208 228
212 1 3 402 208 343
213 3 2 402 228
214 1 3 402 228 317
215 3 2 402 215
216 2 3 402 215 208
217 1 4 402 215 208 228
218 1 3 402 215 228
219 1 3 402 215 335
220 3 2 402 304
221 2 2 402 335
222 1 3 402 335 343
223 1 4 402 335 343 208
224 1 3 402 335 208
225 2 2 402 317
226 1 2 402 343
227 5 2 435 362
228 1 3 435 362 343
229 1 4 435 362 343 304
230 1 3 435 362 304
231 5 2 435 402
232 2 3 435 402 362
233 1 3 435 402 317
234 2 2 435 317
235 2 2 435 406
236 1 2 435 301
237 1 3 435 301 362
238 1 2 435 304
239 1 3 435 304 343
240 1 2 435 343
241 7 2 362 301
242 3 3 362 301 215
243 1 3 362 301 208
244 1 4 362 301 208 343
245 1 3 362 301 343
246 1 3 362 301 335
247 1 4 362 301 335 343
248 1 5 362 301 335 343 208
249 1 4 362 301 335 208
250 5 2 362 215
251 2 3 362 215 208
252 1 4 362 215 208 228
253 1 3 362 215 228
254 3 2 362 208
255 1 3 362 208 228
256 1 3 362 208 343
257 2 2 362 343
258 1 2 362 228
259 1 2 362 335
260 1 3 362 335 343
261 1 4 362 335 343 208
262 1 3 362 335 208
263 1 2 362 304
264 1 3 362 304 343
265 12 2 455 438
266 3 3 455 438 435
267 1 4 455 438 435 442
268 2 3 455 438 304
269 2 3 455 438 335
270 1 4 455 438 335 208
271 1 4 455 438 335 317
272 1 5 455 438 335 317 406
273 1 4 455 438 335 406
274 2 3 455 438 443
275 1 3 455 438 317
276 1 4 455 438 317 406
277 1 3 455 438 208
278 1 3 455 438 442
279 1 3 455 438 406
280 1 3 455 438 402
281 1 4 455 438 402 304
282 5 2 455 402
283 2 3 455 402 304
284 1 3 455 402 362
285 1 3 455 402 442
286 1 3 455 402 435
287 4 2 455 435
288 1 3 455 435 442
289 3 2 455 304
290 2 2 455 335
291 1 3 455 335 208
292 1 3 455 335 317
293 1 4 455 335 317 406
294 1 3 455 335 406
295 2 2 455 443
296 2 2 455 442
297 1 2 455 208
298 1 2 455 317
299 1 3 455 317 406
300 1 2 455 406
301 1 2 455 362
302 6 2 215 208
303 5 2 335 301
304 2 3 335 301 228
305 1 3 335 301 208
306 1 3 335 301 317
307 1 3 335 301 304
308 1 4 335 301 304 228
309 5 2 335 317
310 3 2 335 208
311 3 2 335 228
312 1 3 335 228 317
313 2 2 335 304
314 1 3 335 304 228
315 1 2 335 215
316 3 2 304 301
317 1 3 304 301 208
318 1 3 304 301 215
319 1 4 304 301 215 208
320 1 3 304 301 228
321 1 2 304 208
322 1 2 304 215
323 1 3 304 215 208
324 1 2 304 228
325 4 2 228 208
326 4 2 228 215
327 3 3 228 215 208
328 6 2 343 301
329 3 3 343 301 208
330 2 3 343 301 215
331 1 4 343 301 215 208
332 2 3 343 301 335
333 1 4 343 301 335 208
334 1 4 343 301 335 317
335 1 3 343 301 317
336 5 2 343 335
337 3 3 343 335 317
338 2 3 343 335 208
339 4 2 343 208
340 3 2 343 317
341 2 2 343 215
342 1 3 343 215 208
343 1 2 343 304
344 2 2 317 228
345 1 2 317 301
346 7 2 472 438
347 3 3 472 438 458
348 1 4 472 438 458 402
349 1 4 472 438 458 362
350 1 4 472 438 458 435
351 1 5 472 438 458 435 362
352 1 4 472 438 458 455
353 1 5 472 438 458 455 443
354 1 4 472 438 458 443
355 2 3 472 438 435
356 1 4 472 438 435 362
357 2 3 472 438 455
358 1 4 472 438 455 443
359 1 3 472 438 362
360 1 3 472 438 402
361 1 3 472 438 456
362 1 3 472 438 443
363 3 2 472 458
364 1 3 472 458 402
365 1 3 472 458 362
366 1 3 472 458 435
367 1 4 472 458 435 362
368 1 3 472 458 455
369 1 4 472 458 455 443
370 1 3 472 458 443
371 2 2 472 435
372 1 3 472 435 362
373 2 2 472 455
374 1 3 472 455 443
375 1 2 472 402
376 1 2 472 362
377 1 2 472 456
378 1 2 472 443
379 3 2 406 304
380 1 2 406 317
381 1 2 406 335
382 1 3 406 335 317
383 4 2 443 438
384 2 3 443 438 435
385 1 4 443 438 435 362
386 1 4 443 438 435 406
387 1 3 443 438 362
388 1 3 443 438 402
389 1 4 443 438 402 435
390 1 5 443 438 402 435 362
391 1 4 443 438 402 362
392 1 3 443 438 406
393 2 2 443 402
394 1 3 443 402 435
395 1 4 443 402 435 362
396 1 3 443 402 362
397 2 2 443 435
398 1 3 443 435 362
399 1 3 443 435 406
400 1 2 443 362
401 1 2 443 406
402 2 2 436 304
403 1 3 436 304 406
404 1 2 436 301
405 1 3 436 301 304
406 1 2 436 406
407 1 2 442 402
408 1 2 442 435
409 1 2 442 438
410 1 3 442 438 435
411 1 2 456 438
412 1 2 452 438
