1000
1	6	198 0.2 275 0.2 572 0.9 774 0.5 904 0.9 998 0.1 
2	7	468 0.2 494 0.7 521 0.2 554 0.2 814 0.3 864 1.0 871 0.2 
3	2	602 0.4 833 0.3 
4	8	88 0.8 275 0.5 345 0.4 676 0.6 708 0.9 725 0.4 770 0.3 886 0.9 
5	6	156 0.2 170 0.3 215 0.6 531 0.8 741 1.0 932 0.2 
6	11	7 0.3 247 0.1 359 0.5 443 0.7 566 0.3 587 0.1 596 0.4 716 0.6 808 0.4 871 0.8 952 0.6 
7	8	36 0.5 372 0.2 546 0.7 612 0.9 797 0.5 821 0.9 871 0.4 947 0.4 
8	5	115 0.9 117 0.6 227 0.6 779 0.6 812 0.6 
9	9	39 0.7 184 0.6 230 0.3 413 0.8 417 0.2 779 0.4 830 0.5 855 0.6 995 0.5 
10	7	4 0.8 338 0.5 349 0.1 562 0.7 774 0.5 829 0.5 869 0.8 
11	6	37 0.4 433 0.9 473 0.5 708 0.1 768 0.4 795 0.9 
12	6	236 0.3 323 1.0 575 0.8 586 0.2 704 0.7 768 0.9 
13	12	7 0.1 260 0.2 330 0.5 372 1.0 400 0.3 433 0.9 525 0.5 569 0.7 623 0.5 625 0.8 649 0.2 772 0.1 
14	2	61 0.9 282 0.8 
15	2	548 0.4 903 0.3 
16	6	190 0.6 228 1.0 364 0.8 396 0.9 802 1.0 940 0.6 
17	6	438 0.4 502 0.8 962 0.3 965 1.0 971 0.7 986 0.5 
18	3	70 0.6 443 0.6 954 0.2 
19	4	7 0.7 109 0.1 491 0.6 800 0.4 
20	4	20 0.4 71 0.9 215 1.0 593 0.2 
21	3	193 0.9 668 1.0 860 0.2 
22	6	189 0.4 248 0.3 478 0.3 683 0.9 801 0.7 815 0.8 
23	8	278 0.6 304 0.2 398 1.0 528 0.4 638 0.8 719 0.6 829 1.0 974 0.9 
24	6	64 0.8 315 0.6 596 0.2 757 0.8 807 0.5 938 0.3 
25	4	290 0.1 294 0.2 367 0.2 700 0.8 
26	4	42 0.4 432 0.8 447 0.7 522 0.1 
27	4	64 0.3 222 0.9 312 0.7 962 0.4 
28	5	403 0.7 417 0.3 438 0.6 712 0.6 730 0.4 
29	9	145 0.5 361 0.5 421 0.2 510 0.9 568 0.2 657 0.6 810 0.2 833 0.6 967 1.0 
30	8	301 0.5 456 0.8 473 0.3 522 0.8 559 0.8 671 1.0 710 0.2 926 0.2 
31	4	288 0.4 487 0.5 853 0.1 895 0.9 
32	5	12 0.6 249 0.8 821 0.5 860 0.2 902 0.5 
33	2	683 0.3 951 0.4 
34	3	153 0.3 466 0.2 974 0.3 
35	8	124 0.2 411 0.8 593 1.0 600 0.5 602 0.5 730 0.4 880 0.5 910 0.9 
36	7	153 0.2 173 0.5 195 0.5 576 0.8 757 0.5 765 0.5 833 0.6 
37	7	9 0.8 49 0.7 77 0.4 141 0.3 173 1.0 614 0.5 909 0.3 
38	5	49 0.3 472 0.8 473 0.9 492 0.4 872 0.2 
39	13	49 0.6 139 0.2 170 0.6 223 0.4 361 0.3 424 0.9 512 0.3 547 0.6 641 0.1 670 0.5 765 0.8 829 0.7 931 0.9 
40	5	73 0.6 168 0.5 209 0.9 472 0.3 585 0.7 
41	10	37 1.0 62 0.9 292 0.5 299 0.7 319 0.7 329 0.6 426 0.4 482 0.5 592 0.7 600 0.7 
42	7	190 0.9 307 0.2 405 0.1 657 0.8 722 0.6 807 0.5 841 0.4 
43	6	230 0.6 339 0.1 602 0.7 861 0.1 904 0.7 916 0.6 
44	6	241 0.2 443 1.0 596 0.1 620 1.0 625 0.5 885 0.8 
45	8	63 0.2 69 0.3 120 0.1 378 0.9 473 0.7 648 0.8 663 0.6 900 0.9 
46	4	70 0.7 96 0.6 700 0.2 964 0.6 
47	1	518 0.4 
48	4	304 0.8 405 0.2 528 0.2 625 0.9 
49	4	37 0.6 422 0.6 940 0.9 997 0.8 
50	8	360 0.5 433 0.8 518 1.0 684 0.1 711 0.7 791 1.0 835 0.3 909 0.1 
51	4	443 0.8 480 1.0 814 0.8 849 0.5 
52	7	32 0.6 141 0.2 184 0.5 464 0.8 572 0.6 596 0.9 611 0.2 
53	4	101 0.4 336 0.7 701 0.1 915 0.1 
54	7	439 0.4 483 0.7 540 1.0 596 0.8 722 0.8 893 1.0 940 0.7 
55	4	282 0.7 674 0.8 798 0.3 909 0.2 
56	2	140 0.1 593 0.7 
57	4	155 0.5 161 0.8 364 0.9 560 0.3 
58	4	149 0.8 401 0.3 652 0.5 915 0.7 
59	10	125 0.3 210 0.7 227 0.3 239 0.5 522 0.9 632 1.0 782 1.0 796 0.7 823 0.7 889 0.9 
60	7	151 0.7 189 0.5 196 0.8 290 0.9 755 0.9 890 0.2 951 0.5 
61	6	39 0.5 72 1.0 193 0.2 488 0.6 503 0.8 697 0.4 
62	3	147 0.8 278 0.9 447 0.9 
63	3	102 0.6 520 0.8 670 0.4 
64	9	177 0.8 214 0.2 222 0.5 401 0.4 405 0.4 544 0.9 671 0.2 809 0.3 974 0.3 
65	4	88 0.3 282 0.9 833 0.3 993 0.8 
66	2	401 0.2 741 0.3 
67	3	101 0.7 582 0.9 783 0.8 
68	3	78 0.8 223 0.6 989 0.6 
69	5	248 0.7 405 0.4 566 0.5 880 0.7 881 0.5 
70	8	88 0.8 275 0.2 293 0.2 326 0.3 626 0.9 841 0.8 891 0.6 999 0.6 
71	3	86 0.9 829 0.6 995 0.4 
72	7	288 0.5 404 0.5 487 0.7 677 0.1 721 0.3 853 0.3 895 0.3 
73	9	222 0.7 332 1.0 554 1.0 674 0.6 689 0.8 823 0.4 904 0.6 918 0.6 994 0.5 
74	5	544 0.3 724 0.7 739 0.9 915 0.5 963 0.8 
75	9	84 0.6 110 1.0 305 0.9 372 0.7 648 0.8 708 0.3 905 0.2 962 0.7 992 0.3 
76	4	396 0.5 661 0.5 864 0.4 884 0.8 
77	8	13 0.2 68 0.7 83 1.0 97 0.4 372 0.7 433 0.3 466 0.5 494 0.5 
78	10	9 1.0 69 0.4 223 0.2 319 0.2 327 0.4 400 0.5 417 0.5 462 0.8 685 0.2 812 0.8 
79	4	421 0.9 433 1.0 457 0.8 833 0.9 
80	6	301 1.0 483 0.2 649 0.7 768 0.7 772 0.4 951 0.6 
81	5	230 0.6 451 0.4 558 0.6 704 0.2 945 0.2 
82	9	4 0.6 35 0.8 415 0.8 424 0.2 662 0.4 675 0.5 722 0.3 841 0.3 864 0.8 
83	10	15 0.6 51 0.1 128 0.4 479 0.8 663 0.3 691 0.7 716 0.9 717 1.0 809 0.6 987 0.7 
84	9	143 0.7 433 0.3 510 0.9 572 0.2 596 1.0 602 0.4 620 0.9 807 0.7 835 1.0 
85	7	48 0.6 214 0.9 215 1.0 331 0.3 496 0.3 782 0.2 836 0.4 
86	8	15 0.3 62 0.7 326 0.7 547 0.5 736 1.0 875 0.6 893 1.0 918 0.5 
87	2	193 0.6 653 0.1 
88	8	9 0.4 48 0.2 218 0.5 388 1.0 566 0.6 800 0.3 827 0.3 861 0.1 
89	3	417 0.2 602 0.8 834 0.8 
90	8	114 0.5 121 0.3 125 0.3 217 0.7 260 0.2 456 0.5 464 0.7 608 1.0 
91	5	262 0.5 372 1.0 454 0.5 643 0.6 680 0.1 
92	4	351 0.7 495 0.6 560 0.6 657 0.5 
93	3	124 0.4 700 0.3 943 0.8 
94	5	149 0.7 375 0.6 433 0.4 648 0.4 892 0.3 
95	4	22 0.3 23 0.1 815 0.7 982 0.4 
96	7	39 0.6 69 0.7 417 1.0 502 0.8 614 1.0 784 0.9 798 0.9 
97	12	41 0.5 90 0.7 108 0.7 190 0.2 290 0.4 338 0.8 448 0.2 488 0.4 602 0.8 760 0.8 765 0.3 871 0.2 
98	8	15 0.5 282 0.4 375 0.8 554 0.7 602 0.4 648 0.5 809 0.8 827 0.7 
99	5	124 0.5 290 0.6 816 0.6 851 0.8 935 0.4 
100	5	97 0.8 193 0.6 290 1.0 466 0.5 871 0.6 
101	4	554 0.6 648 0.5 828 0.9 913 0.3 
102	4	86 0.9 290 0.4 336 0.4 951 0.5 
103	8	41 0.2 84 0.4 466 0.9 543 1.0 604 0.5 711 0.2 910 0.2 989 0.5 
104	3	42 0.8 62 0.9 259 1.0 
105	6	149 0.2 189 0.2 307 0.1 319 0.7 844 0.5 914 0.9 
106	6	184 0.7 322 0.7 473 0.8 585 0.2 670 0.2 771 0.5 
107	7	321 0.1 370 0.7 426 0.9 483 0.8 608 0.7 833 0.6 982 0.5 
108	8	198 0.1 281 0.2 406 0.6 652 0.2 688 0.7 808 0.9 809 0.3 810 0.8 
109	7	13 0.5 436 0.8 473 0.1 578 0.8 782 0.3 849 0.3 877 0.8 
110	4	209 0.7 319 0.9 405 0.2 995 0.5 
111	11	214 0.8 307 0.5 341 0.1 608 0.7 674 0.1 708 0.9 744 0.4 754 0.2 765 0.1 770 0.6 865 0.3 
112	5	36 0.2 40 0.1 220 0.9 528 0.2 784 1.0 
113	6	155 0.8 179 0.4 222 0.9 360 0.1 828 0.7 831 0.5 
114	5	222 0.9 375 0.6 571 0.9 810 0.9 947 0.5 
115	5	15 0.6 470 0.1 579 0.2 648 0.3 766 0.8 
116	6	22 0.7 23 0.3 133 0.3 815 0.9 982 0.9 995 0.9 
117	6	118 0.9 148 0.7 194 0.7 578 0.3 816 0.3 867 0.8 
118	5	22 0.1 50 0.3 151 0.6 880 0.3 954 0.2 
119	3	82 0.1 989 0.3 995 0.3 
120	4	155 0.4 345 0.7 872 0.7 904 0.4 
121	7	124 0.2 193 0.6 428 0.6 625 0.3 642 0.8 657 0.1 677 0.6 
122	2	352 0.7 736 0.9 
123	6	253 0.5 365 0.5 389 0.1 396 0.6 914 0.9 939 0.7 
124	5	249 0.2 307 0.9 602 0.3 892 0.6 967 0.4 
125	7	107 0.3 193 0.3 290 0.4 575 0.3 783 0.6 846 0.4 993 0.9 
126	4	218 0.8 326 0.3 378 0.8 784 0.8 
127	6	128 0.7 139 0.5 161 0.7 239 0.6 523 0.7 872 0.6 
128	5	510 0.2 515 0.4 611 0.6 629 0.8 791 0.8 
129	6	82 0.9 439 0.2 519 1.0 541 0.4 572 1.0 853 0.8 
130	5	220 0.8 554 0.9 900 0.6 904 0.9 911 0.8 
131	3	18 0.1 179 1.0 650 0.3 
132	7	35 0.6 209 0.9 282 0.7 417 0.5 464 0.3 546 0.5 572 0.7 
133	9	98 0.9 315 0.1 326 0.4 479 0.9 528 0.7 560 0.3 623 0.2 684 0.8 821 0.9 
134	5	12 0.5 51 0.6 239 0.6 683 0.2 809 0.3 
135	9	292 0.4 326 0.2 375 0.7 417 0.3 445 0.4 542 0.2 626 0.4 900 0.6 910 1.0 
136	7	12 0.9 118 0.4 174 0.4 444 0.3 604 0.5 813 0.5 877 0.5 
137	4	179 0.2 278 0.2 540 0.3 630 0.7 
138	5	320 0.3 338 0.7 671 0.1 819 0.1 995 0.5 
139	5	326 0.2 372 0.4 693 0.5 904 0.6 973 0.3 
140	5	9 0.4 70 0.8 100 0.6 560 0.9 971 0.5 
141	6	101 0.1 217 1.0 262 1.0 275 0.4 593 0.4 669 0.6 
142	4	170 0.4 470 0.1 512 1.0 807 0.4 
143	4	278 0.9 602 0.4 787 0.7 808 1.0 
144	3	474 0.8 517 0.5 964 0.6 
145	4	135 0.2 340 0.4 473 0.4 801 0.9 
146	7	406 0.7 533 0.3 541 0.6 613 0.8 624 0.1 765 0.6 955 0.6 
147	8	35 0.5 64 0.4 143 0.5 381 0.5 445 0.3 683 0.3 993 0.4 995 0.3 
148	10	40 0.1 94 0.9 230 0.4 445 0.1 623 0.5 629 0.7 710 0.3 808 0.8 831 0.8 989 1.0 
149	7	110 0.5 174 0.9 447 0.8 534 0.2 737 0.5 856 1.0 869 0.9 
150	11	40 0.2 262 0.5 327 0.6 421 0.3 443 1.0 519 0.4 573 0.5 602 0.1 859 0.4 949 0.3 960 0.8 
151	2	809 0.4 884 0.7 
152	12	52 0.5 117 0.3 361 0.2 413 0.4 443 0.5 521 0.5 543 0.5 708 0.5 723 0.3 779 0.8 807 0.9 864 0.2 
153	10	222 0.5 239 0.5 386 1.0 410 0.5 483 0.1 498 0.3 615 0.4 725 0.3 734 0.4 860 0.6 
154	3	448 0.5 674 0.8 926 0.6 
155	7	82 0.3 183 0.2 215 0.6 223 0.6 352 0.3 529 0.3 895 0.8 
156	5	153 0.2 402 1.0 403 0.6 657 0.8 744 0.7 
157	9	189 0.3 248 0.8 452 0.3 478 1.0 544 0.3 676 0.8 683 0.4 801 0.8 815 0.3 
158	4	68 0.6 133 1.0 559 0.4 800 0.4 
159	11	64 0.9 90 0.6 118 0.2 369 0.4 443 0.3 498 0.8 549 0.6 734 0.8 808 0.8 868 0.9 949 0.8 
160	5	10 0.6 176 1.0 466 0.1 711 0.7 928 0.8 
161	4	39 0.4 604 0.3 684 0.8 896 0.9 
162	4	220 0.1 256 0.2 294 0.2 964 0.9 
163	5	86 0.7 336 0.4 460 0.5 826 0.5 951 0.6 
164	4	546 1.0 572 0.2 833 0.5 836 0.2 
165	5	40 0.5 281 0.5 903 0.6 990 0.2 999 0.6 
166	9	88 0.1 108 0.7 169 0.9 404 0.1 411 0.2 449 0.9 542 0.2 804 0.8 902 0.6 
167	7	52 0.2 140 0.4 491 0.5 754 0.5 801 0.5 904 0.2 925 0.5 
168	6	124 0.2 221 0.5 267 0.8 808 0.1 878 0.7 995 0.8 
169	8	128 1.0 167 0.1 290 1.0 330 0.9 625 0.7 755 0.9 757 0.3 916 0.9 
170	2	221 0.2 706 0.1 
171	13	113 0.4 119 0.3 133 0.6 169 0.8 281 0.2 365 0.4 544 0.5 562 0.7 861 0.8 910 0.3 939 0.5 964 0.9 987 0.9 
172	6	361 0.5 493 0.5 560 0.7 632 0.5 730 0.6 783 0.4 
173	9	86 0.8 109 0.8 119 1.0 184 0.2 202 0.4 320 0.6 710 0.2 841 0.4 954 0.4 
174	7	39 0.1 114 0.6 138 0.7 235 0.9 491 1.0 557 0.8 711 0.6 
175	4	82 0.8 307 0.4 529 0.4 908 0.4 
176	2	656 0.7 782 0.3 
177	5	148 0.8 243 0.4 415 0.2 754 0.7 808 0.3 
178	3	6 0.9 195 0.3 438 0.6 
179	2	64 0.8 550 0.9 
180	5	230 0.9 344 0.6 445 0.9 723 0.9 812 0.2 
181	9	169 0.4 178 0.9 198 0.7 305 0.9 405 0.6 421 1.0 494 0.6 805 0.5 872 1.0 
182	6	50 0.5 98 0.6 401 0.6 576 0.5 581 0.2 667 0.7 
183	2	29 0.4 812 0.4 
184	8	49 0.4 96 0.2 236 0.5 378 0.2 632 0.6 710 0.7 791 0.6 982 0.5 
185	7	265 0.8 405 0.7 472 0.6 473 0.3 485 1.0 772 0.7 805 0.9 
186	10	7 0.5 36 0.4 120 0.9 146 0.2 193 0.2 422 0.5 433 0.7 446 0.4 795 0.4 852 0.4 
187	7	88 0.1 109 0.2 183 0.2 733 0.8 869 0.8 884 1.0 905 0.5 
188	3	676 0.7 786 0.8 871 0.7 
189	11	133 0.7 275 0.6 484 1.0 700 0.3 735 0.9 801 0.3 833 0.4 872 1.0 932 0.1 947 0.3 948 0.6 
190	5	64 0.1 193 0.1 285 0.3 954 0.8 982 0.3 
191	10	87 0.7 88 0.3 120 0.6 462 0.8 710 0.5 738 0.6 799 0.5 862 0.9 960 0.1 974 1.0 
192	9	173 0.2 183 0.2 231 0.7 317 0.8 510 0.9 635 0.5 772 0.1 860 0.2 954 0.9 
193	7	8 0.9 133 0.9 278 0.6 368 0.7 593 0.9 836 0.6 874 0.3 
194	4	307 0.6 396 0.2 566 1.0 993 0.2 
195	4	230 0.5 290 0.8 307 0.1 909 0.7 
196	3	433 0.6 771 0.3 836 0.9 
197	6	128 0.6 189 0.9 248 0.9 275 0.8 415 0.7 567 0.2 
198	8	141 0.9 223 0.8 340 0.1 605 0.9 632 1.0 701 1.0 773 0.3 858 0.6 
199	6	70 0.6 248 0.8 378 0.4 576 0.9 774 0.9 835 0.5 
200	5	50 0.9 241 0.4 708 0.2 721 0.2 956 0.6 
201	4	325 1.0 801 0.7 927 0.3 976 0.2 
202	8	220 0.2 326 0.7 355 0.2 403 0.2 710 0.3 739 0.7 879 0.3 910 0.4 
203	9	117 0.1 248 0.2 390 0.8 433 0.2 522 0.3 723 0.2 848 0.2 855 0.8 935 0.7 
204	4	4 0.7 518 0.5 871 0.7 995 0.5 
205	5	125 0.8 282 0.9 512 0.1 663 0.3 723 0.8 
206	11	29 0.9 127 0.6 168 0.5 240 0.4 361 0.3 399 0.7 413 0.3 670 0.4 784 0.7 892 0.6 910 0.7 
207	4	64 0.4 369 0.3 383 0.7 931 0.4 
208	5	155 0.6 194 0.9 426 0.2 670 0.6 909 0.2 
209	9	167 0.3 186 0.9 400 0.9 572 0.9 675 0.1 773 0.8 882 0.3 896 0.1 994 0.1 
210	3	189 0.7 324 0.1 932 0.5 
211	10	9 0.3 102 0.3 501 0.5 700 0.6 723 0.9 738 0.7 795 0.2 810 0.4 828 0.7 989 0.7 
212	1	22 0.2 
213	2	222 1.0 964 0.8 
214	6	13 0.9 267 0.3 541 0.7 611 0.5 710 0.5 757 0.8 
215	4	161 0.6 400 0.3 666 0.8 668 0.8 
216	10	49 0.7 72 1.0 156 0.1 282 0.7 567 0.8 593 0.2 675 0.8 745 0.5 875 0.1 962 1.0 
217	12	94 0.4 108 0.3 127 0.9 223 0.4 464 0.2 503 0.1 518 0.8 519 0.6 612 0.8 653 0.7 770 1.0 962 0.6 
218	6	118 0.4 375 1.0 508 0.6 685 1.0 931 0.7 995 0.5 
219	6	15 1.0 39 0.1 285 1.0 572 0.6 691 0.3 735 0.5 
220	3	369 0.4 765 0.9 772 0.7 
221	8	133 0.9 149 0.9 571 0.6 672 0.2 813 0.6 902 0.1 964 0.3 997 0.7 
222	4	460 0.6 710 0.6 783 0.1 864 0.4 
223	6	26 0.4 107 0.2 151 0.2 159 0.7 352 0.6 554 0.8 
224	6	30 0.9 39 0.9 42 0.4 177 0.9 319 0.4 951 0.8 
225	3	19 0.9 41 0.4 779 0.7 
226	10	109 0.6 194 0.9 210 0.8 243 0.5 296 0.7 585 0.8 602 0.9 629 0.4 927 0.9 971 0.8 
227	10	37 0.3 133 0.1 216 0.3 260 0.9 376 0.6 543 0.7 572 0.9 722 0.2 874 0.9 900 0.8 
228	8	247 0.6 287 0.2 320 0.8 414 0.8 473 0.7 722 0.4 908 0.6 932 0.2 
229	4	317 0.7 528 0.5 663 0.6 840 0.9 
230	9	18 0.5 149 0.2 440 1.0 541 0.7 544 0.8 669 0.3 788 1.0 818 0.8 828 0.8 
231	6	64 1.0 128 0.1 141 0.1 216 0.2 222 0.6 482 0.6 
232	7	49 0.5 82 0.3 189 0.3 440 1.0 801 0.9 838 0.3 909 0.1 
233	7	215 1.0 340 0.9 457 0.1 613 0.7 683 0.6 749 0.8 876 0.2 
234	5	11 1.0 110 0.8 579 0.5 604 0.5 643 0.5 
235	4	284 0.2 569 0.3 768 0.3 798 0.9 
236	4	41 0.3 553 0.5 910 0.3 989 0.9 
237	3	64 0.5 814 0.7 951 0.2 
238	5	37 0.1 241 0.7 293 0.9 298 0.2 986 0.6 
239	5	39 0.9 108 0.5 361 0.4 553 0.6 892 0.8 
240	7	87 0.2 155 0.6 223 0.4 327 0.9 403 0.7 850 0.2 967 1.0 
241	4	553 0.3 596 0.4 666 0.3 962 0.7 
242	1	830 0.5 
243	5	50 0.7 285 0.2 460 0.6 546 0.6 991 0.1 
244	6	340 0.2 523 0.8 578 0.2 593 0.7 717 0.2 918 0.9 
245	3	87 0.8 378 0.4 579 0.1 
246	8	102 0.5 512 0.6 593 0.9 721 0.6 831 0.6 869 1.0 871 0.9 910 1.0 
247	6	19 0.4 113 0.8 487 0.8 663 0.5 721 0.2 956 0.1 
248	3	108 0.6 164 0.6 189 0.8 
249	3	294 0.8 456 0.1 809 1.0 
250	5	63 0.4 290 0.9 326 0.5 559 0.5 657 0.7 
251	5	235 0.5 629 0.8 637 1.0 887 0.4 993 0.4 
252	7	98 0.7 145 0.1 340 0.3 358 0.9 708 0.5 782 0.8 908 0.2 
253	12	41 1.0 74 0.3 319 0.8 492 1.0 532 0.6 630 0.8 671 0.2 739 0.8 892 0.7 938 0.4 993 0.5 995 0.9 
254	7	136 0.5 151 0.3 278 0.1 596 0.7 628 0.2 908 0.4 989 0.7 
255	3	438 0.4 522 0.9 939 0.6 
256	8	55 0.6 248 0.9 282 0.6 821 0.1 875 0.7 931 0.4 932 0.4 946 0.8 
257	10	107 0.4 319 0.6 326 1.0 361 0.4 415 0.1 429 0.9 460 0.9 583 1.0 645 0.9 724 0.9 
258	3	217 0.7 421 0.7 465 0.3 
259	3	220 0.4 841 0.7 916 0.8 
260	6	77 0.2 138 0.8 202 0.6 261 0.3 734 0.4 832 0.2 
261	3	599 0.3 706 0.7 713 1.0 
262	9	39 0.3 169 0.2 190 0.7 278 0.9 322 0.3 425 0.8 487 0.7 698 0.4 809 0.8 
263	8	82 0.3 125 0.8 282 0.9 413 0.8 512 0.6 663 0.6 723 0.9 762 0.3 
264	4	9 0.7 596 0.9 800 0.6 827 0.4 
265	12	180 0.7 248 1.0 317 0.2 336 0.4 397 0.7 447 0.4 574 0.6 667 0.6 716 0.4 853 0.4 962 0.3 991 0.4 
266	3	91 1.0 194 0.7 838 0.9 
267	7	222 0.1 232 0.3 321 0.7 519 0.6 689 0.9 760 0.3 825 0.3 
268	5	411 0.7 417 0.8 668 0.9 760 0.8 807 0.3 
269	5	369 0.4 378 0.9 765 0.2 772 0.8 895 0.9 
270	4	405 0.5 433 0.7 509 0.5 771 1.0 
271	9	37 0.3 120 0.9 275 0.6 288 0.8 404 0.7 456 0.5 853 0.5 859 0.2 895 0.2 
272	11	138 0.6 190 0.2 405 0.9 406 0.7 481 0.7 491 0.2 502 0.5 579 0.6 657 0.2 812 0.5 861 0.5 
273	1	458 0.7 
274	4	315 0.5 339 0.8 804 0.2 812 0.7 
275	5	41 0.2 64 0.6 423 0.6 482 0.7 510 0.2 
276	6	37 0.4 260 0.8 283 0.3 315 0.9 403 1.0 950 0.1 
277	4	170 0.9 218 0.8 528 1.0 553 0.5 
278	8	12 0.7 290 0.6 317 0.3 349 0.5 432 0.4 786 0.5 890 0.2 999 0.4 
279	5	70 0.7 147 0.5 287 0.6 443 0.3 800 0.5 
280	16	52 0.9 73 0.6 161 0.5 210 0.4 338 0.4 345 0.5 351 0.1 412 0.4 545 1.0 602 0.4 624 0.6 706 0.9 798 0.7 886 0.4 913 0.6 940 1.0 
281	8	109 0.7 124 0.7 193 1.0 262 0.9 349 0.9 472 0.1 698 1.0 951 0.2 
282	6	101 0.4 117 0.3 124 1.0 436 1.0 963 0.7 993 0.3 
283	10	68 0.8 148 0.8 181 0.1 217 0.6 448 0.9 502 0.5 546 0.2 742 0.4 822 0.2 951 0.7 
284	4	15 0.3 49 0.2 602 0.8 833 0.4 
285	7	71 0.5 204 0.4 317 0.5 407 0.8 566 0.1 708 0.9 782 0.3 
286	2	587 0.8 726 0.6 
287	9	190 0.8 403 0.7 446 0.5 531 0.4 534 1.0 749 0.5 771 0.9 925 0.3 999 0.5 
288	10	15 0.5 128 0.7 228 0.4 518 0.6 525 0.3 578 0.3 663 0.3 717 0.4 786 0.3 935 0.8 
289	8	30 0.5 39 0.1 41 0.4 210 0.4 417 0.5 669 0.9 744 0.3 835 0.5 
290	3	431 0.5 683 0.8 938 0.4 
291	3	107 0.8 544 0.4 724 0.6 
292	4	262 0.8 277 0.4 630 0.6 864 1.0 
293	6	236 0.5 410 0.4 576 0.5 657 1.0 700 0.4 773 0.5 
294	11	110 0.3 285 0.7 327 0.7 365 0.9 472 0.2 482 0.2 669 0.6 770 0.6 807 0.8 888 0.4 991 0.4 
295	9	145 0.3 147 0.4 233 0.4 327 0.3 462 0.5 804 0.2 875 0.1 903 0.2 989 0.2 
296	13	4 0.8 28 0.5 72 0.6 128 0.4 131 0.1 218 0.4 381 0.6 514 0.6 572 0.5 602 0.3 821 0.1 897 0.9 935 0.2 
297	10	40 0.2 174 0.4 191 0.2 327 0.7 362 0.8 415 0.3 482 0.4 572 0.1 657 0.3 751 0.9 
298	6	405 0.9 413 0.9 485 0.5 489 0.4 805 0.9 861 0.7 
299	2	136 0.1 869 0.6 
300	5	109 0.5 513 0.2 869 0.1 884 0.1 905 0.1 
301	5	138 0.9 331 0.3 444 0.6 567 0.2 599 0.9 
302	8	209 0.9 481 0.7 502 1.0 602 1.0 609 0.6 838 0.3 895 0.7 921 0.2 
303	8	83 0.3 600 0.2 683 0.4 796 0.6 828 0.5 963 0.7 976 0.6 995 0.7 
304	4	53 0.6 308 0.5 532 0.3 829 0.1 
305	5	81 0.5 148 1.0 247 0.6 716 0.9 878 0.9 
306	4	36 0.7 206 0.1 668 0.7 706 0.3 
307	6	174 0.9 531 1.0 572 0.8 613 0.7 801 0.8 986 0.7 
308	3	241 0.2 249 0.3 402 0.4 
309	6	1 0.7 4 0.6 21 0.5 108 0.4 811 0.6 871 0.6 
310	2	90 0.5 917 0.2 
311	8	326 0.2 361 0.8 445 0.7 511 0.5 580 1.0 630 0.6 723 0.3 765 0.9 
312	3	155 0.1 262 0.7 903 0.9 
313	3	81 0.8 164 0.5 259 0.9 
314	2	693 0.8 716 0.4 
315	2	871 0.4 911 0.7 
316	4	230 0.1 267 0.3 478 0.6 569 0.8 
317	7	9 0.8 131 0.6 202 0.5 223 0.3 267 0.7 478 0.2 540 0.4 
318	14	20 0.9 74 0.5 85 0.3 155 0.9 200 0.6 247 0.1 275 0.9 472 1.0 492 0.5 510 0.9 512 0.2 663 0.7 723 0.5 814 0.5 
319	6	138 0.3 317 0.5 494 0.8 647 0.8 760 0.5 880 0.6 
320	5	4 0.7 52 1.0 421 0.8 879 0.8 886 0.9 
321	5	445 0.2 454 0.8 721 0.9 910 0.7 948 0.8 
322	6	103 0.3 128 0.9 208 0.7 317 0.9 871 0.3 993 0.9 
323	8	120 0.3 156 0.8 458 0.7 579 0.1 593 0.7 599 0.3 689 0.3 886 0.4 
324	6	223 0.1 445 0.4 456 1.0 502 0.8 541 0.2 798 0.1 
325	3	340 0.3 492 0.5 765 0.5 
326	7	24 0.6 54 0.6 120 0.1 543 0.6 613 0.9 749 0.5 757 0.8 
327	10	12 0.5 193 0.4 248 0.5 294 0.3 339 0.9 361 0.6 369 0.2 405 0.3 508 0.9 897 0.3 
328	6	149 0.6 340 0.1 774 0.6 829 0.8 864 0.4 909 0.6 
329	5	378 1.0 433 0.5 446 0.4 804 0.6 812 0.5 
330	6	488 0.5 521 0.8 592 0.7 602 0.7 630 0.2 799 0.4 
331	7	193 0.7 351 1.0 372 1.0 576 0.3 685 0.5 791 0.6 948 0.7 
332	7	260 0.7 288 0.6 396 0.9 464 1.0 800 0.7 856 0.7 886 0.7 
333	3	326 0.7 714 0.8 841 0.3 
334	8	15 0.1 64 0.9 173 0.4 219 0.2 554 0.6 791 0.6 807 0.3 861 0.8 
335	6	215 0.9 400 0.5 560 0.7 733 0.5 741 0.5 932 0.2 
336	5	110 0.7 614 1.0 680 0.3 838 0.4 854 0.2 
337	7	18 0.3 261 0.5 262 0.9 339 0.3 546 0.3 584 0.2 977 0.2 
338	5	68 0.6 136 0.6 523 0.4 700 0.3 918 0.9 
339	3	643 0.3 657 0.5 681 0.9 
340	8	70 0.5 117 0.3 546 0.3 700 0.5 755 0.4 917 0.8 939 0.5 944 0.2 
341	5	81 0.6 199 0.9 419 1.0 674 0.7 705 0.4 
342	11	11 0.9 108 0.3 164 0.6 189 0.5 320 0.9 472 0.2 498 0.9 779 0.1 890 0.4 951 0.5 954 0.3 
343	5	153 0.9 402 0.7 403 0.8 657 0.7 744 0.2 
344	3	283 0.1 559 0.8 674 0.8 
345	3	171 0.4 243 0.2 807 1.0 
346	8	107 0.8 290 0.8 301 0.2 432 0.5 498 0.2 637 0.8 828 0.8 999 0.1 
347	4	330 0.5 372 0.3 437 0.6 663 0.8 
348	3	403 0.2 663 1.0 710 1.0 
349	3	41 0.2 133 0.2 517 0.4 
350	5	230 0.8 464 0.2 807 0.7 845 0.2 893 0.6 
351	5	128 0.4 223 0.8 319 0.6 369 0.6 579 0.8 
352	7	18 0.2 128 0.6 472 0.9 487 0.4 590 1.0 646 0.2 904 0.5 
353	5	773 0.2 816 1.0 851 0.1 977 0.7 993 0.2 
354	10	44 0.1 88 0.4 120 0.8 223 1.0 242 1.0 305 0.9 336 0.2 378 0.7 619 0.4 949 0.8 
355	7	49 0.9 222 0.6 290 0.9 378 0.8 478 0.9 517 0.5 911 0.6 
356	7	156 0.8 420 0.8 556 0.2 697 0.6 737 0.5 765 0.2 993 0.8 
357	8	117 0.9 319 0.6 405 0.6 572 0.2 704 0.1 809 0.5 814 0.5 995 0.7 
358	6	128 0.1 149 0.9 267 0.4 650 0.2 653 0.4 975 0.2 
359	6	417 0.5 602 0.8 864 0.9 964 0.8 995 0.3 999 0.1 
360	7	118 0.5 222 0.2 369 0.4 443 0.1 549 0.7 808 0.3 868 0.4 
361	13	75 1.0 285 0.9 336 0.2 420 0.8 498 0.4 614 0.4 640 0.7 687 0.2 717 0.4 878 1.0 902 0.5 946 0.9 963 0.8 
362	6	54 0.4 108 0.8 149 0.2 340 0.4 864 0.7 909 0.7 
363	4	120 0.7 284 0.6 519 0.2 547 0.7 
364	6	103 0.7 290 0.6 420 0.4 814 1.0 957 0.9 988 0.5 
365	7	39 0.6 108 0.5 307 0.8 553 0.7 571 1.0 808 0.8 892 0.7 
366	6	69 0.2 95 0.8 284 0.1 319 0.2 693 0.2 754 0.9 
367	8	284 0.4 290 0.5 319 0.8 426 0.8 439 0.8 604 0.3 671 0.9 676 0.9 
368	5	145 0.3 421 0.1 810 0.4 833 0.8 967 0.6 
369	3	553 0.5 559 0.7 583 0.1 
370	4	471 0.9 604 0.2 833 1.0 962 1.0 
371	4	63 0.6 447 0.4 757 0.2 838 1.0 
372	7	190 0.8 307 0.9 405 0.4 657 0.7 722 0.4 807 0.2 841 0.6 
373	2	867 0.2 935 0.9 
374	6	173 0.1 404 0.6 485 0.6 800 0.9 948 0.2 964 0.3 
375	7	9 0.5 64 0.4 177 1.0 193 0.2 593 0.3 954 0.1 982 0.9 
376	13	29 0.4 100 0.4 118 0.9 182 0.6 282 0.9 593 0.2 627 0.3 668 0.3 679 1.0 784 0.7 807 0.2 935 0.9 943 0.3 
377	6	15 0.3 49 0.9 170 0.5 602 0.8 739 0.7 833 0.7 
378	2	172 0.6 204 0.8 
379	11	29 0.1 48 0.8 112 1.0 130 0.4 294 0.5 396 0.7 566 0.2 809 0.4 831 0.8 835 0.9 993 0.3 
380	4	168 0.6 416 0.3 807 0.9 903 1.0 
381	4	52 0.5 88 0.6 551 0.3 983 0.7 
382	5	90 0.5 113 0.8 671 0.2 674 1.0 989 0.7 
383	8	149 0.9 400 0.8 511 0.5 532 0.8 543 0.5 670 0.7 801 0.1 884 0.2 
384	7	128 0.6 169 0.7 413 0.1 425 0.8 691 0.3 939 0.8 989 0.4 
385	1	710 0.8 
386	9	319 0.4 578 0.3 587 0.2 588 0.4 689 0.2 716 0.7 861 0.4 962 0.2 965 0.4 
387	5	114 0.2 461 0.3 528 0.4 880 0.8 951 0.3 
388	12	94 0.2 133 1.0 388 0.5 422 0.3 460 1.0 528 0.2 632 0.7 710 0.8 783 0.1 864 0.9 910 0.7 995 0.7 
389	11	30 0.4 113 0.8 119 0.8 169 0.8 193 0.8 281 0.3 372 0.3 544 0.4 801 0.4 861 1.0 910 0.9 
390	2	322 0.9 339 0.8 
391	4	72 0.4 479 0.7 540 0.9 756 0.8 
392	9	49 0.2 144 1.0 193 0.2 675 0.8 739 0.4 809 0.6 942 0.9 977 0.7 989 0.9 
393	7	119 0.4 241 0.7 440 0.4 600 0.5 708 0.5 809 0.4 877 0.5 
394	6	94 0.9 202 0.9 247 0.9 488 0.8 872 0.1 956 1.0 
395	3	64 0.4 188 0.7 977 0.9 
396	6	190 0.2 228 0.8 364 0.5 396 0.4 802 0.9 940 0.3 
397	4	230 0.1 423 0.2 472 0.9 730 0.5 
398	8	20 0.2 282 0.9 469 0.6 608 0.2 675 0.3 942 0.9 989 0.8 991 0.1 
399	8	84 0.6 156 0.8 258 0.2 408 0.8 645 1.0 757 0.9 935 0.3 954 0.8 
400	6	240 0.1 445 1.0 456 0.9 514 0.4 541 0.9 798 0.5 
401	4	94 0.2 145 0.1 528 0.7 774 0.5 
402	6	131 0.2 491 0.1 668 0.1 814 1.0 816 0.5 986 0.2 
403	6	127 0.2 168 0.4 240 0.9 361 0.8 413 0.5 670 0.6 
404	8	143 0.3 243 0.4 456 0.6 537 0.2 648 0.6 781 0.5 926 0.6 990 0.6 
405	5	87 0.6 133 0.7 295 0.2 472 0.5 768 0.4 
406	2	290 0.3 915 0.6 
407	7	95 0.5 438 0.4 551 0.6 629 0.2 747 0.4 875 0.9 964 0.8 
408	8	128 1.0 239 0.7 282 0.6 315 0.6 406 0.3 554 0.3 765 0.1 809 0.8 
409	8	42 0.6 88 0.4 290 0.3 522 0.5 572 0.5 801 0.9 926 0.2 973 0.7 
410	9	49 0.9 315 0.8 415 0.7 443 0.6 594 1.0 710 0.3 808 0.6 880 0.8 906 0.8 
411	1	872 0.3 
412	5	151 0.5 215 0.6 494 0.3 572 0.5 869 0.7 
413	7	62 0.6 275 0.6 290 0.8 320 1.0 602 0.5 667 0.6 726 0.7 
414	8	34 0.9 64 0.2 92 0.6 325 0.8 351 0.4 468 0.7 736 0.8 737 0.2 
415	9	64 0.7 121 0.4 184 0.6 204 0.7 337 0.2 355 0.6 808 0.8 860 0.8 909 0.4 
416	3	258 0.2 361 0.4 396 0.3 
417	6	128 0.6 148 0.9 243 0.9 415 0.6 754 0.9 808 0.9 
418	4	155 0.6 532 0.2 925 0.5 967 0.9 
419	6	239 0.6 275 0.8 649 0.8 812 0.4 871 0.9 991 0.7 
420	7	433 0.2 454 0.3 571 0.4 615 0.5 774 0.2 833 0.1 990 0.8 
421	7	29 0.3 138 0.3 189 0.2 239 0.4 295 0.8 745 0.9 892 0.1 
422	6	62 0.9 98 0.8 155 0.6 169 0.7 392 0.4 804 0.8 
423	9	396 0.7 457 0.3 604 0.6 614 0.6 710 0.7 805 0.4 807 0.5 808 0.1 871 0.3 
424	8	52 0.2 117 0.2 413 0.4 443 0.9 521 0.6 708 0.9 807 0.1 864 0.3 
425	8	4 0.4 290 0.9 303 0.8 605 0.5 629 0.7 658 0.1 828 0.7 871 0.3 
426	1	708 0.6 
427	6	100 0.6 118 0.5 396 0.6 559 0.2 700 0.6 709 0.3 
428	3	180 1.0 361 0.5 683 0.7 
429	1	918 0.6 
430	7	26 0.4 141 0.7 401 0.9 481 0.4 519 0.7 679 0.8 804 0.4 
431	3	752 0.2 854 0.2 917 0.3 
432	14	6 0.2 149 1.0 175 0.9 243 0.2 326 0.9 502 0.3 590 0.1 648 0.2 703 0.5 751 0.4 779 0.4 798 0.8 804 0.3 872 0.7 
433	12	12 0.2 82 0.9 193 0.8 222 0.7 301 0.3 304 0.5 319 0.5 700 0.6 869 0.5 926 0.6 982 0.1 990 0.8 
434	2	220 0.3 363 0.3 
435	5	85 0.6 541 0.3 765 0.1 774 0.4 982 0.7 
436	8	64 0.8 239 0.3 369 0.7 593 0.3 605 0.5 808 0.2 871 0.9 910 0.6 
437	6	138 0.6 223 0.4 239 0.9 289 0.6 452 0.9 934 0.4 
438	1	663 0.2 
439	6	131 0.3 187 1.0 354 0.3 548 1.0 736 0.5 836 0.7 
440	10	149 0.2 332 0.4 410 1.0 413 0.4 556 1.0 560 0.2 688 1.0 879 0.1 902 0.2 939 0.4 
441	2	6 1.0 68 1.0 
442	4	283 0.8 613 0.1 710 0.4 993 0.8 
443	9	14 0.7 39 1.0 290 0.5 294 0.5 722 0.9 804 0.4 812 0.6 893 0.4 949 0.3 
444	2	34 0.7 156 0.2 
445	6	70 1.0 438 1.0 683 1.0 744 1.0 858 0.8 877 0.6 
446	3	241 0.8 282 0.6 319 0.8 
447	4	241 0.6 587 0.6 783 1.0 962 0.2 
448	8	82 0.8 189 1.0 415 1.0 440 0.9 612 1.0 801 0.9 838 0.5 909 0.8 
449	6	80 0.3 367 0.6 560 0.1 580 1.0 645 0.6 896 0.6 
450	4	1 0.3 822 0.9 940 0.4 944 0.2 
451	11	227 1.0 375 0.6 456 0.8 543 0.5 632 0.8 648 1.0 730 0.9 766 0.9 796 0.6 889 0.7 967 0.6 
452	2	405 0.8 822 0.9 
453	7	37 0.5 86 0.4 132 0.9 354 0.9 546 1.0 860 0.4 926 0.5 
454	7	24 0.2 29 0.3 331 0.3 415 0.6 443 0.6 667 0.6 795 0.4 
455	5	336 0.8 401 0.5 493 0.5 579 0.7 644 0.2 
456	2	327 0.4 649 0.9 
457	5	9 0.6 108 0.9 497 0.9 875 0.2 877 0.8 
458	3	461 0.4 938 0.3 984 0.5 
459	4	88 0.7 282 0.6 833 0.3 993 0.5 
460	5	162 0.1 170 0.2 289 0.2 323 0.6 340 0.3 
461	6	50 0.8 415 0.4 648 0.2 702 0.4 814 0.2 853 0.3 
462	3	370 0.5 560 0.7 951 0.3 
463	7	288 1.0 388 0.9 413 0.7 612 0.4 630 0.8 851 0.7 892 0.5 
464	8	64 0.8 121 0.5 168 0.2 204 0.6 337 0.3 604 0.9 635 0.2 804 0.6 
465	6	282 0.8 351 0.1 550 1.0 739 0.6 748 0.4 893 0.1 
466	6	52 0.6 156 0.7 205 0.5 282 0.5 822 0.1 910 0.6 
467	8	35 0.3 172 0.4 258 0.6 275 0.2 283 0.4 307 0.6 908 0.1 997 0.1 
468	6	80 0.7 87 0.7 475 0.6 669 0.3 676 0.5 808 0.8 
469	5	111 0.6 539 0.8 788 0.5 809 0.8 860 0.3 
470	4	63 0.8 186 0.9 502 0.6 851 0.9 
471	7	40 0.3 431 0.2 443 0.7 675 0.7 810 0.3 908 0.1 989 0.5 
472	5	34 0.6 136 0.3 141 0.1 159 0.4 564 0.3 
473	10	84 0.5 94 0.9 96 0.7 426 1.0 614 0.4 635 0.1 745 0.2 858 0.3 895 1.0 964 0.6 
474	6	192 0.5 456 0.3 495 1.0 590 1.0 734 0.5 835 0.9 
475	2	73 1.0 227 0.6 
476	4	249 0.3 340 1.0 687 0.9 971 0.4 
477	4	12 0.8 64 0.7 278 0.7 290 0.4 
478	9	70 0.2 149 1.0 232 0.4 282 0.8 470 0.3 554 0.7 665 0.9 740 0.6 795 0.2 
479	3	481 0.5 491 0.3 573 0.6 
480	8	22 0.2 84 0.1 128 0.8 198 0.3 239 0.4 560 0.7 855 0.5 868 0.4 
481	5	278 0.6 546 0.4 676 1.0 710 0.6 877 0.3 
482	6	88 0.5 149 0.8 242 0.8 340 0.2 864 0.5 909 0.6 
483	7	147 0.6 239 0.6 287 0.1 623 0.2 710 0.1 733 0.6 742 1.0 
484	3	168 0.3 433 0.1 909 0.7 
485	3	542 0.3 670 0.1 691 1.0 
486	7	95 0.2 445 0.4 604 0.3 677 0.5 735 0.6 931 0.6 987 0.7 
487	5	223 0.2 364 0.3 593 0.8 657 0.4 993 1.0 
488	3	683 0.6 768 0.8 948 1.0 
489	8	274 0.7 330 0.8 517 1.0 649 0.1 687 0.9 744 1.0 841 0.4 904 0.9 
490	7	248 0.4 282 0.3 608 0.6 675 0.1 786 0.1 835 0.9 989 0.7 
491	9	155 0.8 248 0.9 542 0.8 571 0.6 807 0.7 872 0.6 884 0.4 922 0.6 974 0.8 
492	7	189 0.4 447 0.6 710 1.0 760 0.5 809 0.8 829 1.0 922 0.6 
493	6	107 0.7 110 0.5 180 0.5 283 1.0 723 0.3 891 0.4 
494	10	101 0.3 135 0.8 141 0.2 217 0.4 262 0.9 282 0.3 340 0.6 473 0.3 801 0.8 876 0.6 
495	4	9 0.4 495 0.5 567 0.6 875 0.9 
496	4	160 0.7 533 0.2 592 0.3 830 0.2 
497	9	120 0.2 147 0.2 294 0.5 307 0.4 323 0.7 361 0.6 430 0.9 630 0.2 846 0.5 
498	5	107 0.1 110 0.6 180 0.6 283 0.1 723 0.8 
499	6	9 0.7 214 0.2 323 0.8 846 0.4 931 0.8 965 0.6 
500	8	18 1.0 101 0.6 125 0.9 151 0.6 444 0.8 669 0.2 698 0.3 925 0.9 
501	8	53 0.3 64 1.0 141 0.4 596 1.0 757 0.2 807 0.3 911 0.2 995 0.6 
502	4	360 0.3 445 0.8 486 0.2 648 0.3 
503	6	147 0.3 174 0.1 522 0.2 596 0.7 730 0.8 878 0.5 
504	6	473 0.7 508 0.7 512 0.1 838 0.4 897 1.0 999 0.3 
505	5	52 0.6 338 0.5 445 1.0 935 0.8 996 0.9 
506	9	124 0.6 133 0.8 162 0.1 262 0.7 547 0.3 556 0.2 644 0.5 739 0.6 765 0.9 
507	5	198 0.8 199 0.8 344 0.2 375 0.2 551 0.8 
508	5	86 0.5 319 0.6 355 0.5 705 0.4 774 0.7 
509	6	116 0.7 119 0.8 146 0.5 593 0.4 828 0.4 875 0.8 
510	10	22 0.2 216 0.6 319 1.0 416 0.9 517 0.3 540 0.9 596 0.6 657 0.7 869 0.8 908 0.2 
511	6	42 0.5 193 0.3 287 0.7 414 0.5 908 0.3 932 0.8 
512	5	23 0.7 60 0.6 386 0.4 629 0.7 904 0.9 
513	6	37 0.2 281 0.5 693 0.3 830 0.6 940 0.8 997 0.8 
514	8	242 0.7 290 0.3 296 0.6 535 0.6 645 0.7 673 0.9 903 0.6 949 0.6 
515	4	94 0.7 316 0.2 723 0.7 765 0.4 
516	2	372 0.7 585 0.6 
517	5	336 0.8 544 0.6 554 0.5 561 0.9 608 0.1 
518	4	372 0.2 613 0.2 765 0.8 812 0.9 
519	10	41 0.9 119 0.5 143 0.8 148 0.2 171 0.3 287 0.5 390 1.0 657 0.3 874 0.8 904 0.9 
520	6	294 1.0 396 0.5 444 0.6 456 1.0 587 0.6 872 0.5 
521	10	8 0.9 108 0.6 255 0.5 290 0.9 448 0.5 488 0.5 676 0.9 708 0.4 760 0.8 770 0.6 
522	1	540 0.8 
523	3	124 0.9 851 0.9 935 0.9 
524	5	63 0.6 440 0.2 833 0.4 910 1.0 960 0.3 
525	8	70 0.7 174 1.0 438 0.6 605 0.5 648 0.4 657 0.4 813 0.4 999 0.8 
526	10	172 0.5 237 0.4 267 0.6 288 0.5 320 0.8 400 0.4 724 0.5 832 0.9 869 0.9 906 1.0 
527	4	614 0.5 648 0.4 739 0.2 754 0.5 
528	5	24 0.6 39 0.1 365 0.5 512 0.7 828 0.7 
529	5	156 0.2 737 0.9 765 0.7 889 0.4 993 0.3 
530	8	462 0.5 498 0.9 523 0.1 668 0.2 680 0.3 683 0.5 705 0.3 915 1.0 
531	6	375 0.7 377 0.4 683 0.3 779 0.7 801 0.3 962 0.2 
532	4	307 0.6 502 0.1 629 0.4 645 0.9 
533	7	42 0.2 423 0.7 510 0.5 602 0.5 835 0.3 886 0.3 951 0.5 
534	2	281 0.4 611 0.6 
535	8	73 0.7 222 0.7 521 0.4 784 0.5 822 0.2 913 0.7 947 0.2 990 0.1 
536	1	967 0.4 
537	4	202 0.7 406 0.6 472 0.1 878 0.2 
538	5	70 0.7 149 0.1 698 0.8 823 0.9 849 0.4 
539	2	53 0.6 911 0.2 
540	4	74 0.4 222 0.4 336 1.0 448 0.3 
541	5	37 0.4 234 0.3 449 0.9 680 0.1 739 0.8 
542	6	18 0.2 141 1.0 220 0.6 420 0.4 676 1.0 895 0.3 
543	4	8 0.6 34 0.8 49 0.4 183 0.8 
544	13	50 0.6 107 0.2 114 0.3 125 0.5 209 0.4 220 0.6 239 0.6 294 0.5 322 0.5 473 0.5 684 0.8 939 0.5 974 0.9 
545	3	400 0.1 733 0.4 908 0.7 
546	4	213 0.2 559 0.4 808 0.4 814 0.1 
547	8	5 0.6 30 0.6 86 0.5 437 0.9 478 0.3 614 0.6 658 0.6 801 0.7 
548	5	44 0.3 503 0.9 548 0.3 602 0.3 838 0.1 
549	4	148 0.4 522 0.2 835 0.4 999 1.0 
550	8	64 0.7 149 0.5 438 0.8 472 0.2 550 0.8 832 0.9 940 0.5 964 0.2 
551	9	40 0.3 63 0.4 169 0.6 573 0.7 867 0.6 887 0.3 902 0.6 932 0.3 935 0.5 
552	15	36 0.7 457 0.3 559 0.4 571 1.0 593 0.2 627 0.6 630 0.5 648 0.3 677 0.4 828 0.3 838 0.7 839 0.4 869 0.1 935 0.8 975 0.3 
553	4	4 0.1 117 1.0 327 0.7 927 0.5 
554	5	4 0.3 48 0.6 218 0.7 821 1.0 935 1.0 
555	8	180 0.3 354 1.0 730 0.2 781 0.4 783 0.6 833 0.7 963 1.0 989 0.4 
556	4	62 0.8 674 0.3 768 0.9 927 0.8 
557	8	109 0.1 128 0.2 389 0.6 668 0.8 687 0.9 754 0.6 875 0.1 904 0.4 
558	2	401 0.3 974 0.7 
559	5	117 1.0 555 0.6 573 0.6 852 1.0 941 0.5 
560	5	410 0.7 554 0.9 652 1.0 700 0.4 913 0.3 
561	5	193 0.2 417 0.2 738 0.5 845 0.3 905 0.2 
562	10	49 0.6 50 0.3 191 0.6 448 0.3 453 0.1 684 0.1 710 0.4 869 0.6 974 0.5 975 0.3 
563	4	194 0.1 290 0.7 779 0.9 852 0.3 
564	3	439 1.0 483 0.7 940 0.6 
565	5	173 0.2 183 0.1 231 0.3 772 0.2 860 0.6 
566	7	37 0.8 456 0.6 519 0.7 629 0.9 776 0.5 867 0.7 935 0.9 
567	5	319 0.8 396 0.3 600 0.8 809 0.7 853 0.4 
568	4	126 0.6 138 0.9 180 0.8 546 0.4 
569	5	247 0.9 447 0.4 592 0.9 871 0.3 993 0.9 
570	7	86 0.8 171 0.6 193 0.5 625 0.4 708 0.8 800 0.1 831 0.5 
571	6	336 0.5 544 0.7 554 0.2 561 0.7 608 0.9 954 0.6 
572	4	448 0.4 453 0.8 710 0.7 869 0.8 
573	6	34 0.9 457 0.3 560 0.1 662 0.2 862 0.5 872 0.4 
574	5	319 0.8 437 0.8 441 0.7 657 1.0 684 1.0 
575	13	149 0.6 169 0.2 215 0.1 222 0.8 262 0.1 317 0.7 340 0.5 428 0.9 440 0.9 532 0.6 578 0.8 601 0.2 693 0.7 
576	8	39 0.9 126 0.2 223 0.3 540 0.8 745 0.4 875 0.1 899 0.8 997 0.9 
577	5	126 0.2 221 0.4 443 0.8 818 0.8 959 0.6 
578	6	95 0.5 281 0.9 544 1.0 572 0.2 783 0.2 809 0.4 
579	2	90 0.3 917 0.3 
580	5	20 0.4 213 0.1 278 0.8 319 0.2 768 0.2 
581	2	94 0.2 284 0.2 
582	4	593 0.6 744 0.5 845 0.8 937 0.9 
583	5	290 0.3 304 0.8 433 0.4 473 0.5 963 0.8 
584	7	215 0.9 230 0.9 608 0.3 647 0.4 795 0.1 875 0.8 948 0.6 
585	8	6 0.6 131 0.3 361 0.4 457 0.3 481 0.6 738 0.3 856 0.5 900 0.5 
586	1	838 0.8 
587	6	110 1.0 113 0.3 119 0.6 174 0.5 710 0.5 711 0.5 
588	6	148 0.7 160 0.6 330 0.6 340 0.4 830 0.5 933 0.3 
589	5	223 0.5 262 0.7 319 0.9 341 0.7 433 0.7 
590	1	146 0.6 
591	4	210 0.9 464 0.3 523 0.3 669 0.8 
592	9	41 0.2 74 0.8 630 0.7 671 0.3 739 1.0 892 0.6 938 0.5 993 0.1 995 1.0 
593	2	838 0.2 940 0.1 
594	6	102 0.2 129 0.7 268 0.3 488 0.2 617 0.4 878 0.8 
595	7	128 0.2 199 0.2 278 0.9 290 0.1 677 0.7 796 0.8 844 0.8 
596	3	73 0.6 199 0.5 274 0.2 
597	7	14 1.0 546 1.0 680 0.9 722 0.8 783 0.1 812 0.2 949 1.0 
598	5	137 0.2 534 0.3 749 0.4 925 0.7 999 0.5 
599	2	64 0.7 745 0.6 
600	4	149 0.9 401 0.6 652 0.8 915 0.7 
601	4	317 0.6 404 0.3 420 0.6 648 0.8 
602	13	41 0.2 63 0.1 74 0.7 230 0.8 307 0.2 630 1.0 671 0.4 739 0.5 892 1.0 914 0.9 938 0.2 993 0.1 995 0.2 
603	1	215 0.8 
604	4	339 0.9 413 0.4 554 0.3 804 0.5 
605	12	222 0.2 269 0.2 332 0.6 456 0.8 554 0.7 674 0.7 689 0.6 708 0.9 823 0.2 904 0.4 918 0.8 994 0.3 
606	4	317 0.3 460 0.1 685 0.2 871 0.8 
607	5	18 0.5 156 0.4 436 0.3 663 0.5 926 0.6 
608	6	115 0.6 236 0.6 282 0.6 546 0.8 710 0.3 962 0.3 
609	8	125 0.8 128 0.5 193 0.8 406 0.2 421 0.5 522 0.1 723 0.9 839 0.4 
610	4	12 1.0 249 0.3 821 0.9 860 0.4 
611	9	211 0.6 447 0.3 528 0.8 630 0.5 791 0.1 856 0.2 860 0.2 878 0.3 991 0.9 
612	2	438 0.4 648 0.2 
613	4	180 0.4 317 0.1 614 0.9 708 0.2 
614	3	637 0.7 653 0.9 821 0.3 
615	6	62 0.1 234 0.1 273 0.3 457 0.6 481 0.8 710 0.2 
616	10	1 0.3 10 0.8 85 0.3 282 0.8 593 0.3 708 0.7 739 0.3 833 0.4 914 0.5 932 0.9 
617	8	18 0.4 182 0.2 262 0.8 643 0.2 681 0.8 731 0.5 809 1.0 960 0.6 
618	5	86 0.7 171 0.2 180 0.2 454 0.2 625 0.5 
619	6	22 0.7 53 0.8 511 0.4 584 0.8 754 0.3 807 0.9 
620	9	29 0.1 64 0.6 73 0.2 372 0.2 708 0.6 808 0.3 837 0.4 864 0.4 893 0.4 
621	6	145 0.1 156 0.7 282 0.9 708 0.6 716 0.1 853 0.1 
622	3	413 0.6 808 0.8 973 1.0 
623	4	125 0.7 483 0.6 855 0.7 987 0.3 
624	8	90 0.8 113 0.9 426 0.2 542 0.5 569 0.4 615 0.3 917 0.9 974 0.4 
625	8	82 0.7 413 0.9 484 0.6 605 0.3 669 0.9 762 0.4 910 0.6 916 0.5 
626	10	24 0.5 149 0.6 240 0.3 445 0.4 456 0.2 514 0.4 541 0.7 689 0.7 798 0.8 989 0.7 
627	2	448 0.7 830 0.8 
628	8	31 0.4 222 0.6 312 0.4 400 0.2 415 0.6 624 0.4 675 0.4 932 0.7 
629	6	120 0.2 503 0.7 595 0.3 629 0.5 853 0.3 947 0.5 
630	6	390 0.9 604 0.3 915 0.7 960 0.3 964 0.5 974 0.9 
631	5	51 0.7 691 0.9 700 0.2 809 0.3 900 0.9 
632	4	70 0.2 109 0.4 246 0.2 823 1.0 
633	12	8 0.5 39 0.1 140 0.4 248 0.8 439 0.4 471 0.4 550 0.9 629 0.6 710 0.9 723 0.4 949 0.8 997 0.3 
634	6	88 0.4 326 0.8 373 0.8 545 0.4 572 1.0 730 1.0 
635	8	18 0.8 405 0.9 439 0.7 472 0.7 669 0.2 804 0.3 875 0.8 914 0.3 
636	5	113 0.8 544 0.5 546 0.8 598 0.9 599 0.3 
637	6	102 0.2 512 0.5 593 1.0 831 0.9 869 0.7 871 0.9 
638	4	143 0.4 336 0.8 378 0.6 701 1.0 
639	2	37 0.3 895 0.3 
640	6	53 0.4 203 0.4 308 1.0 492 0.7 532 0.9 833 0.2 
641	7	487 0.6 515 0.2 528 0.6 684 0.7 730 0.4 741 0.4 918 0.8 
642	4	379 0.2 406 0.2 734 0.5 809 0.8 
643	5	94 0.6 193 0.1 426 1.0 774 0.2 905 0.7 
644	8	63 0.6 438 0.5 440 0.3 554 0.9 648 0.4 676 0.3 801 0.3 833 0.3 
645	7	23 0.9 388 0.5 751 0.8 791 0.5 809 1.0 877 0.4 943 0.8 
646	3	90 0.8 231 0.8 741 0.5 
647	6	64 0.1 260 1.0 403 0.3 486 0.8 704 0.5 880 0.8 
648	6	203 0.2 745 0.6 814 0.4 939 1.0 949 0.6 989 0.4 
649	8	40 0.1 294 0.6 301 0.3 372 0.3 550 0.9 708 0.4 782 0.1 956 0.8 
650	4	275 0.3 560 0.4 566 0.3 679 0.1 
651	5	98 0.6 223 0.2 528 0.6 795 0.7 935 0.3 
652	11	138 0.8 412 0.4 438 0.8 494 0.1 525 1.0 541 0.4 545 0.5 639 0.3 672 0.8 938 0.4 997 0.7 
653	3	108 0.6 363 0.1 438 0.1 
654	11	35 0.3 139 0.9 172 0.6 249 0.4 258 0.1 283 0.3 307 0.7 663 1.0 730 0.9 736 0.3 886 0.8 
655	7	51 0.7 415 0.6 691 0.8 702 0.6 708 0.4 809 0.7 964 0.2 
656	3	361 0.5 592 0.5 875 0.4 
657	7	10 0.9 87 1.0 223 0.2 523 0.4 600 0.2 687 0.9 989 0.2 
658	9	239 0.8 267 0.4 372 0.5 554 0.1 572 0.1 587 0.8 593 0.3 849 0.6 878 0.5 
659	6	125 0.9 222 0.8 406 0.9 652 0.1 731 0.5 760 0.1 
660	5	282 0.1 370 0.8 473 0.4 657 0.8 904 0.4 
661	4	521 0.2 546 0.6 765 0.5 967 0.3 
662	6	36 1.0 119 0.1 141 0.7 440 0.9 593 0.7 716 0.3 
663	6	117 0.9 247 0.6 447 0.4 592 0.2 871 0.4 993 0.7 
664	13	56 0.5 290 0.5 337 0.6 433 0.9 455 0.1 481 0.2 648 0.4 700 0.5 708 0.2 861 0.6 915 0.8 935 0.6 947 0.2 
665	3	182 0.5 348 1.0 703 0.4 
666	5	290 0.9 378 1.0 478 0.3 517 0.7 911 0.3 
667	6	15 0.1 25 0.7 81 0.7 495 0.5 614 0.6 974 0.5 
668	4	231 0.4 295 0.5 393 0.7 635 0.2 
669	2	244 0.6 487 0.4 
670	4	282 0.6 674 0.4 798 0.3 909 0.7 
671	5	488 0.8 592 0.9 602 0.5 630 0.7 799 0.6 
672	8	320 0.7 410 0.7 533 0.3 554 0.2 652 0.5 700 0.4 864 0.5 913 0.1 
673	11	32 0.3 70 0.2 136 0.8 251 0.7 460 0.3 482 0.9 551 0.5 631 0.9 648 0.1 663 0.4 783 0.8 
674	6	4 0.5 361 0.5 378 0.9 390 0.5 556 1.0 830 0.7 
675	3	63 1.0 82 0.4 950 0.2 
676	6	133 0.8 411 0.2 562 0.4 800 0.8 885 0.8 890 0.4 
677	6	162 0.2 402 1.0 417 0.1 501 0.9 613 0.6 625 0.1 
678	5	86 0.3 105 0.6 272 0.7 602 0.7 605 0.4 
679	2	170 0.8 739 0.8 
680	3	572 0.2 672 0.7 938 0.8 
681	5	242 0.4 401 0.1 430 0.8 670 0.9 803 0.8 
682	2	614 0.4 831 0.5 
683	7	97 0.1 217 0.6 365 0.6 466 0.1 478 0.9 668 0.4 875 0.3 
684	10	81 0.2 411 0.4 415 0.4 478 0.6 581 0.3 667 0.8 684 0.5 747 0.3 804 0.6 865 0.3 
685	3	600 0.4 620 0.2 834 0.2 
686	2	198 0.6 880 0.9 
687	4	510 0.5 544 0.9 560 0.7 585 0.3 
688	5	236 0.4 410 0.4 657 0.5 700 0.6 773 0.5 
689	3	223 0.3 596 0.5 836 0.2 
690	5	108 0.7 290 0.5 448 0.2 488 0.3 760 0.9 
691	5	203 0.3 674 0.5 935 1.0 964 0.4 997 0.8 
692	6	1 0.4 19 0.5 30 0.7 430 0.6 567 0.1 856 0.2 
693	9	39 0.5 78 0.9 179 0.7 339 1.0 347 0.5 540 0.6 572 0.2 690 0.8 821 0.3 
694	5	52 0.4 61 0.3 155 0.1 528 0.5 904 0.2 
695	7	139 0.5 154 0.4 189 0.9 375 0.2 748 0.3 829 0.8 954 0.6 
696	7	36 0.8 85 0.5 541 0.7 765 0.4 774 0.2 911 0.4 982 0.6 
697	9	48 0.6 210 0.2 218 0.5 269 0.4 388 0.2 456 0.5 566 0.2 708 0.9 861 0.2 
698	8	107 0.7 108 0.5 420 1.0 528 0.9 556 0.9 697 0.3 823 0.3 934 0.4 
699	4	410 0.1 591 0.2 648 0.4 785 0.7 
700	8	198 0.3 199 0.9 344 0.8 375 0.5 551 0.9 620 0.5 723 0.6 910 0.9 
701	4	62 0.5 63 0.3 437 0.4 546 0.9 
702	4	372 0.5 375 0.5 656 0.9 967 0.8 
703	5	93 0.6 107 0.4 180 0.8 522 0.2 882 0.2 
704	9	24 0.7 450 0.6 529 0.4 533 0.6 554 0.1 614 0.5 772 0.3 904 0.5 954 0.3 
705	8	128 0.7 168 0.8 375 0.7 433 0.3 693 0.6 799 0.3 909 0.5 926 0.5 
706	3	786 0.9 915 0.2 939 0.2 
707	8	18 0.5 68 0.7 160 0.6 190 0.5 517 0.3 814 0.8 989 0.5 999 0.5 
708	5	433 0.9 510 0.3 572 0.3 596 0.4 835 0.6 
709	6	164 0.8 196 0.8 273 0.2 556 1.0 576 0.7 613 0.2 
710	7	230 0.8 247 0.9 339 0.9 369 0.9 447 0.2 602 0.8 904 1.0 
711	7	10 0.3 193 0.6 248 0.4 664 0.4 738 0.6 904 0.2 909 0.1 
712	5	171 0.8 430 0.2 445 0.7 739 0.5 950 1.0 
713	3	241 0.6 249 0.5 402 0.8 
714	6	72 0.5 156 0.4 282 0.2 745 0.7 875 0.5 962 0.2 
715	6	12 0.2 39 0.7 133 0.8 278 0.2 722 0.7 735 0.4 
716	10	206 0.2 368 0.7 423 0.6 510 0.1 670 0.3 711 0.5 835 0.7 853 1.0 886 0.2 951 1.0 
717	11	183 0.9 340 0.6 457 0.5 578 0.5 593 0.5 604 0.8 717 0.9 805 0.7 807 0.6 808 0.2 871 0.8 
718	4	12 0.5 448 0.5 572 0.7 723 0.5 
719	5	107 0.2 256 0.5 336 0.6 440 0.2 596 0.2 
720	4	405 0.7 605 0.4 822 0.7 964 0.8 
721	8	133 0.7 262 0.4 426 0.5 464 0.8 554 0.5 605 0.9 650 0.7 814 0.7 
722	17	191 0.2 204 0.4 206 0.6 261 0.7 273 0.4 282 0.4 326 0.5 561 0.5 572 0.1 613 0.5 615 0.9 765 0.7 792 0.7 801 0.3 804 0.7 871 0.3 997 0.3 
723	9	26 0.9 48 0.8 128 0.7 140 0.4 386 0.4 426 0.7 606 0.2 804 0.7 941 0.7 
724	6	70 0.2 73 0.7 437 0.5 528 0.4 598 0.2 734 0.8 
725	4	12 0.8 51 0.8 299 0.2 572 1.0 
726	5	93 0.8 528 0.4 719 1.0 932 0.8 956 0.4 
727	3	319 0.6 730 1.0 807 0.1 
728	9	87 0.6 110 0.8 113 0.5 119 0.7 174 0.7 587 1.0 710 0.6 711 0.9 938 0.8 
729	5	472 0.9 554 0.9 804 0.8 849 0.9 892 0.4 
730	7	81 0.7 417 0.3 444 0.8 501 0.4 864 0.4 964 0.9 965 0.6 
731	5	68 0.1 327 0.9 566 0.4 590 0.5 807 0.9 
732	3	317 0.6 465 0.5 644 0.4 
733	6	12 0.9 97 0.8 248 0.6 466 0.7 779 0.6 880 0.7 
734	6	184 0.2 218 0.7 434 0.5 721 0.7 798 0.6 935 0.8 
735	6	337 0.5 438 0.3 572 0.4 657 0.2 977 0.7 993 0.1 
736	5	84 0.3 430 0.6 602 0.1 608 0.8 878 0.9 
737	8	214 0.2 376 1.0 498 0.6 833 0.8 864 0.4 886 0.6 989 0.5 991 1.0 
738	3	460 0.9 685 0.9 792 0.5 
739	11	13 0.4 48 0.9 117 0.7 228 0.8 443 0.5 558 0.5 635 0.6 801 0.2 871 0.8 878 0.8 905 1.0 
740	6	75 0.4 91 0.2 179 0.7 236 0.5 422 0.9 771 0.5 
741	7	53 0.4 230 1.0 559 0.5 629 0.4 632 0.5 872 0.8 886 0.2 
742	8	98 0.7 249 0.5 315 0.9 338 0.6 479 0.3 528 0.4 560 0.2 821 1.0 
743	11	13 0.5 267 0.6 290 0.5 304 1.0 433 0.2 473 0.3 541 0.3 611 0.6 710 0.2 757 1.0 963 0.3 
744	10	128 0.2 198 0.6 230 0.1 388 1.0 421 0.7 558 0.6 608 0.8 614 0.4 648 0.8 807 0.1 
745	9	64 0.8 88 0.3 256 1.0 487 0.7 548 0.4 614 0.8 700 0.5 840 0.4 962 0.3 
746	8	148 0.5 317 0.2 337 0.5 419 1.0 572 0.5 657 0.2 687 0.8 977 0.5 
747	8	41 0.8 370 0.2 396 0.6 482 1.0 560 0.7 566 0.9 951 0.7 993 0.4 
748	4	63 0.8 91 0.9 437 0.5 546 0.3 
749	5	84 0.8 87 0.8 248 0.3 645 0.7 838 0.6 
750	6	119 0.5 396 0.9 546 0.4 884 0.9 939 1.0 989 0.8 
751	2	37 0.3 133 0.2 
752	7	44 0.5 50 0.2 70 0.8 131 0.7 444 0.8 448 0.1 999 0.3 
753	6	209 0.4 282 0.3 417 1.0 464 0.7 546 1.0 572 0.8 
754	5	128 0.8 234 0.3 256 0.8 438 0.4 816 0.4 
755	8	74 0.4 129 0.5 461 0.1 512 1.0 705 0.7 723 1.0 828 0.8 895 0.2 
756	6	12 0.6 155 0.9 192 0.8 312 0.3 853 0.3 915 0.2 
757	5	125 0.9 179 1.0 433 0.9 544 0.3 801 0.5 
758	3	81 0.2 573 0.8 768 0.7 
759	7	124 0.2 434 0.3 452 0.6 522 0.5 811 0.3 872 0.7 928 0.2 
760	4	64 0.7 178 0.9 247 0.8 649 0.2 
761	5	15 0.5 219 0.2 554 0.5 807 0.2 861 1.0 
762	6	48 0.6 218 0.6 235 0.2 522 0.4 554 0.7 993 0.3 
763	6	120 0.5 154 0.6 413 1.0 472 0.8 665 0.4 875 0.9 
764	5	20 0.5 48 0.5 62 0.9 307 0.7 928 0.7 
765	3	396 0.2 829 0.3 957 1.0 
766	3	22 0.4 708 0.6 964 0.3 
767	7	18 0.9 113 0.7 191 1.0 256 0.8 440 0.2 697 0.3 821 0.1 
768	4	180 0.3 354 0.5 730 0.7 783 0.9 
769	2	79 0.7 632 0.7 
770	10	12 0.4 180 0.2 288 0.9 522 0.8 528 0.6 602 0.5 774 0.3 853 0.7 977 0.6 989 1.0 
771	9	88 0.5 132 0.1 205 0.2 349 0.8 519 0.4 620 0.7 900 0.8 917 0.6 951 0.9 
772	5	222 0.3 386 0.6 615 1.0 725 0.8 734 0.5 
773	7	76 0.7 88 0.4 148 0.4 602 0.5 629 1.0 809 0.4 994 0.5 
774	4	30 0.5 624 1.0 860 0.4 880 1.0 
775	5	12 0.4 117 0.5 218 0.5 241 0.9 809 0.4 
776	12	118 0.3 319 0.5 491 0.2 578 0.6 587 0.9 588 0.3 689 0.9 716 0.9 816 0.5 861 0.7 962 0.3 965 0.2 
777	7	49 0.3 82 0.4 189 0.2 440 0.9 801 0.6 838 0.5 909 0.9 
778	8	108 0.8 189 0.6 247 0.8 392 0.9 474 0.5 700 0.2 730 0.3 997 0.4 
779	3	109 0.7 995 0.8 999 0.8 
780	6	352 0.9 404 0.4 413 0.2 487 0.7 807 0.3 970 0.4 
781	7	15 0.8 87 0.7 249 0.3 417 0.7 532 0.2 627 0.4 892 0.8 
782	7	121 0.2 354 1.0 446 0.8 500 1.0 521 0.4 593 0.1 937 0.5 
783	8	72 0.9 230 0.7 404 0.8 406 0.7 556 0.7 593 0.9 657 0.1 935 1.0 
784	9	73 0.2 146 0.5 173 0.4 183 0.5 184 0.3 192 0.7 432 0.6 613 1.0 827 0.9 
785	7	90 0.2 151 0.8 155 0.3 386 0.7 576 0.8 829 0.2 917 0.5 
786	11	485 0.8 488 0.4 611 0.3 683 0.6 684 0.3 738 0.6 798 0.3 806 0.9 964 1.0 975 0.4 982 0.4 
787	5	9 0.9 223 0.3 496 0.9 570 0.6 602 0.2 
788	8	62 0.8 148 0.3 282 0.8 339 0.9 649 0.2 746 0.4 827 0.7 850 0.7 
789	3	181 0.4 202 0.8 792 0.9 
790	2	420 0.8 917 0.2 
791	6	12 0.7 437 0.8 806 0.6 831 0.4 887 1.0 909 0.5 
792	7	6 0.9 68 0.4 235 0.3 629 0.5 637 0.3 887 0.6 993 0.1 
793	5	223 0.8 239 0.4 446 0.2 457 1.0 809 0.3 
794	3	148 0.7 376 0.7 875 1.0 
795	7	21 0.7 146 0.4 149 0.7 403 0.5 585 0.3 668 0.4 995 0.1 
796	7	37 0.2 275 0.9 433 0.1 556 0.3 593 0.6 669 0.8 895 0.9 
797	7	230 0.3 344 0.8 351 0.2 602 0.8 812 0.2 828 0.4 871 0.4 
798	4	307 0.5 431 0.7 562 0.7 927 0.4 
799	6	198 0.9 378 0.5 535 1.0 605 0.3 611 0.6 710 0.3 
800	10	25 0.8 189 0.5 327 0.8 332 0.3 447 1.0 460 0.9 462 0.4 494 0.4 723 0.6 939 0.5 
801	2	317 0.2 443 0.3 
802	2	473 0.6 801 0.1 
803	4	600 0.8 708 0.3 771 0.3 807 0.7 
804	10	88 0.5 180 0.9 301 0.9 334 0.6 379 0.8 400 0.7 554 0.5 698 0.3 814 0.6 833 0.7 
805	10	29 0.6 199 0.8 319 0.1 337 0.3 448 0.9 482 0.7 564 0.4 600 0.5 926 0.5 960 0.1 
806	11	68 0.6 172 0.8 260 0.3 288 0.8 320 0.5 492 0.5 539 0.2 832 1.0 869 0.4 871 0.5 906 0.3 
807	4	151 0.1 475 0.1 493 0.8 570 1.0 
808	3	177 0.4 405 0.5 974 0.3 
809	5	12 1.0 34 0.1 417 1.0 765 0.7 904 0.6 
810	4	120 0.6 323 0.5 361 0.9 430 0.5 
811	11	223 0.5 355 0.9 457 0.6 481 0.7 529 0.4 629 0.1 665 0.2 683 0.8 754 0.5 812 0.3 997 0.5 
812	4	683 0.9 684 0.9 839 1.0 908 0.5 
813	8	107 0.2 193 0.1 290 0.4 448 0.7 674 0.9 783 0.2 926 0.5 960 0.7 
814	7	118 0.2 191 1.0 235 0.7 473 0.6 822 0.9 838 0.8 909 0.7 
815	1	605 0.5 
816	2	172 0.2 708 0.5 
817	11	19 0.9 76 0.8 143 0.9 148 0.7 149 0.6 156 0.5 185 0.6 274 0.6 375 0.3 627 0.3 994 0.8 
818	7	133 0.4 160 0.7 182 0.9 674 0.4 807 0.3 955 0.5 989 0.7 
819	8	206 0.3 274 0.5 368 0.6 670 0.5 683 1.0 700 0.2 711 0.2 878 0.3 
820	8	36 0.3 70 0.5 247 0.1 383 0.8 430 0.3 525 0.1 546 0.7 807 0.6 
821	11	19 0.7 156 0.7 241 1.0 264 0.5 443 0.5 475 0.3 483 0.8 554 0.7 566 0.8 687 0.9 783 0.5 
822	3	388 0.7 744 0.8 807 0.5 
823	3	439 0.6 671 0.5 676 0.2 
824	13	23 0.9 44 0.1 88 0.5 161 0.8 232 0.8 239 0.9 361 0.3 433 0.9 571 0.8 578 0.5 602 0.6 796 0.7 860 0.4 
825	2	210 0.2 438 0.4 
826	7	301 0.6 307 0.9 515 0.6 533 0.6 571 0.8 630 0.9 768 0.8 
827	7	82 0.5 189 1.0 349 0.3 478 0.5 815 0.4 829 0.4 869 0.3 
828	6	202 0.1 472 0.9 512 1.0 623 0.6 649 0.6 742 0.2 
829	4	161 0.5 457 0.4 812 0.3 887 0.8 
830	6	4 0.4 155 0.9 548 1.0 667 0.5 903 0.2 942 0.6 
831	6	88 1.0 301 0.5 398 0.4 522 0.6 653 0.4 809 0.6 
832	3	101 0.9 447 0.9 531 0.8 
833	2	520 0.7 947 0.5 
834	2	239 0.6 486 0.7 
835	3	49 0.2 214 0.6 626 0.5 
836	8	79 0.4 278 0.4 413 0.7 546 0.5 676 0.1 804 0.2 877 0.7 989 0.2 
837	10	37 0.2 133 0.3 216 0.4 260 0.2 376 0.7 543 0.4 572 0.6 722 1.0 874 0.8 900 0.9 
838	4	109 0.5 294 0.8 358 0.6 590 0.4 
839	3	24 0.8 54 0.4 543 0.8 
840	4	317 0.6 528 0.3 663 0.2 840 0.7 
841	5	126 0.5 559 0.7 630 0.1 851 1.0 915 0.6 
842	5	204 0.1 239 0.4 457 0.3 602 0.2 864 0.5 
843	4	74 0.4 392 0.5 465 1.0 540 0.2 
844	9	108 0.6 113 0.4 317 0.1 498 0.7 525 0.4 549 0.4 659 0.1 680 0.6 982 0.7 
845	4	149 0.4 340 0.3 864 0.2 909 0.9 
846	2	282 0.5 542 0.2 
847	4	546 0.5 668 0.1 914 0.7 985 0.8 
848	7	39 0.3 372 0.9 401 0.2 676 0.9 843 0.9 926 0.4 987 0.2 
849	6	94 0.8 613 0.2 770 0.8 788 1.0 861 0.3 895 0.6 
850	5	148 0.5 307 0.1 317 1.0 687 0.5 975 1.0 
851	2	562 0.5 705 0.2 
852	7	4 0.9 9 0.9 120 0.9 326 0.1 714 0.6 841 0.4 995 1.0 
853	2	199 0.3 807 0.8 
854	12	88 0.7 136 0.7 204 0.6 205 1.0 398 0.3 447 0.6 495 0.9 538 0.3 602 0.7 623 0.8 951 0.6 982 0.3 
855	6	84 0.2 129 0.4 545 0.8 554 0.4 795 0.5 875 0.6 
856	5	147 0.3 288 0.4 375 0.9 406 0.5 698 0.6 
857	6	92 0.3 544 0.9 683 0.8 801 0.8 875 0.9 914 0.3 
858	5	125 0.7 234 0.4 498 0.8 590 0.2 624 0.7 
859	4	148 0.1 522 0.6 835 0.6 999 0.7 
860	2	912 0.7 962 0.2 
861	4	81 0.9 146 0.4 317 0.3 450 0.4 
862	2	330 1.0 630 0.4 
863	3	44 0.6 63 0.8 669 0.2 
864	4	326 0.6 411 0.2 511 0.4 939 0.6 
865	9	317 0.7 383 0.8 403 0.4 445 0.9 545 0.7 546 1.0 625 1.0 807 0.5 926 0.3 
866	9	6 0.3 30 0.3 124 0.4 164 0.2 237 0.4 332 0.7 382 0.8 434 1.0 695 0.8 
867	3	147 0.6 493 0.7 501 0.3 
868	7	27 1.0 119 0.4 180 0.6 354 0.4 559 0.8 730 1.0 783 1.0 
869	7	150 0.4 259 0.7 391 0.5 461 0.9 518 0.8 653 0.7 942 0.6 
870	5	247 0.6 300 0.3 319 0.4 562 0.3 655 0.8 
871	7	41 0.4 210 0.3 546 0.1 669 0.7 744 0.9 917 0.2 944 0.3 
872	5	278 1.0 546 0.3 676 0.3 710 0.6 877 0.8 
873	4	64 0.9 86 0.3 416 0.9 634 0.5 
874	4	330 0.2 430 0.2 630 0.9 783 0.3 
875	11	63 0.7 180 0.7 213 0.3 275 0.9 405 0.6 413 0.3 415 0.7 602 1.0 708 0.2 721 0.7 829 0.1 
876	7	44 0.9 242 0.9 304 0.8 410 1.0 546 0.4 608 0.7 657 0.6 
877	4	319 0.4 848 0.9 875 1.0 908 0.7 
878	4	86 0.8 193 0.9 657 1.0 927 0.6 
879	2	36 0.6 871 0.5 
880	4	307 0.7 473 1.0 572 0.1 708 0.5 
881	5	156 1.0 554 1.0 611 0.4 771 0.7 810 0.9 
882	4	301 0.1 465 0.4 519 0.6 828 0.9 
883	6	29 0.3 44 0.8 124 0.3 354 0.5 400 0.6 957 0.2 
884	5	260 0.2 273 0.8 533 0.5 635 0.6 665 1.0 
885	3	329 0.9 745 0.3 797 0.3 
886	4	152 0.7 273 0.8 275 0.6 361 0.3 
887	10	403 0.4 417 0.7 440 0.7 489 0.9 554 0.7 683 0.2 710 0.5 908 0.5 939 0.8 974 0.3 
888	6	118 0.8 541 0.7 688 0.1 822 0.4 875 0.9 989 0.4 
889	4	169 1.0 593 0.2 661 0.6 995 0.6 
890	12	25 0.7 28 0.9 88 0.6 148 0.8 273 0.9 301 1.0 515 0.8 691 0.4 882 0.4 890 0.3 939 0.5 989 0.4 
891	5	151 0.8 215 0.9 494 0.9 572 0.7 869 0.8 
892	11	24 1.0 51 0.2 193 0.5 236 0.4 401 0.7 424 0.6 528 0.9 745 0.7 809 0.5 910 0.9 935 0.3 
893	3	638 0.7 808 0.5 828 0.2 
894	5	280 0.5 307 0.9 349 0.3 422 1.0 745 0.4 
895	7	98 0.7 145 0.2 340 0.6 358 1.0 708 1.0 782 0.9 908 0.1 
896	6	37 0.4 50 0.5 401 0.4 502 0.1 741 0.3 781 0.4 
897	9	133 0.2 216 0.6 260 0.4 376 0.8 543 0.8 572 1.0 722 0.6 874 0.7 900 0.4 
898	6	6 0.6 87 0.8 164 0.5 406 0.4 965 0.6 988 0.8 
899	5	86 0.6 105 0.1 272 1.0 602 0.3 605 0.5 
900	5	433 0.2 464 0.8 592 0.4 853 0.9 995 0.5 
901	6	18 0.5 52 0.4 156 0.8 436 0.5 445 0.6 996 0.4 
902	7	12 0.9 82 0.7 312 1.0 319 0.2 546 0.4 784 0.7 926 0.4 
903	9	136 0.4 151 0.6 278 0.4 406 0.2 596 0.2 628 0.4 878 0.9 908 0.6 989 0.3 
904	3	327 0.5 365 0.3 413 0.4 
905	6	145 0.3 222 0.5 385 0.2 456 0.9 723 0.4 904 0.9 
906	6	1 0.6 49 0.7 117 0.5 369 0.8 691 0.7 752 0.3 
907	4	151 0.3 275 0.2 590 0.7 973 0.8 
908	7	189 1.0 235 0.9 275 0.2 494 0.3 522 0.8 593 0.2 854 0.9 
909	4	247 1.0 723 0.9 730 0.9 809 0.1 
910	7	56 0.4 362 0.8 623 0.4 657 0.7 745 0.7 771 0.5 871 0.5 
911	12	4 0.6 110 1.0 148 0.4 149 0.9 172 0.3 249 0.8 363 0.4 401 0.3 440 1.0 558 0.2 818 0.5 949 0.1 
912	6	548 0.8 560 0.9 670 0.4 698 0.2 815 0.6 932 0.6 
913	5	39 0.8 44 0.7 672 0.2 841 0.2 908 0.5 
914	4	133 0.2 223 0.8 650 0.2 814 0.2 
915	4	23 0.3 161 0.6 433 0.6 860 0.7 
916	7	56 0.5 241 0.4 361 0.3 375 0.5 554 0.2 828 0.2 947 0.7 
917	8	75 0.7 223 0.9 237 1.0 357 1.0 472 0.6 567 0.2 818 0.2 828 0.3 
918	7	240 0.6 415 0.6 445 0.7 514 0.7 541 0.2 795 0.7 798 0.3 
919	1	375 0.2 
920	6	248 0.1 405 0.3 444 0.6 566 0.4 880 0.5 881 0.9 
921	10	19 0.9 76 0.3 117 0.7 148 0.2 290 0.5 807 0.9 833 0.4 962 0.8 993 0.7 994 0.6 
922	4	210 0.6 410 0.4 541 0.5 934 0.3 
923	4	87 0.5 375 0.6 571 0.3 970 0.3 
924	2	382 1.0 813 0.4 
925	5	37 0.5 67 0.8 400 0.2 807 0.6 825 0.8 
926	8	148 0.8 190 0.8 365 0.4 433 0.8 522 0.1 648 0.8 721 0.6 882 0.8 
927	2	373 0.8 403 0.5 
928	6	206 0.7 326 0.4 561 0.9 572 0.1 792 0.3 997 0.8 
929	1	787 0.2 
930	5	48 0.3 361 0.4 593 0.8 741 0.6 928 0.6 
931	4	249 0.6 298 0.2 472 0.4 830 0.4 
932	7	37 0.2 147 0.2 247 0.7 405 0.9 691 0.8 853 0.6 893 0.5 
933	4	169 0.6 327 0.6 674 0.1 957 0.6 
934	9	79 0.2 84 0.4 401 0.6 530 0.9 596 0.4 816 0.5 855 0.1 868 0.9 892 0.4 
935	8	128 0.8 320 0.5 355 0.9 372 0.8 534 0.6 644 0.6 662 0.4 949 0.3 
936	7	49 0.9 177 0.3 248 0.1 492 0.3 851 0.8 871 1.0 951 0.2 
937	13	40 0.4 68 0.3 113 0.1 188 1.0 223 0.2 275 0.9 370 0.5 525 0.1 624 0.5 754 0.2 768 0.9 821 0.2 967 0.6 
938	9	20 0.4 34 1.0 136 0.8 190 0.3 560 0.8 809 0.6 818 0.2 877 0.7 938 0.9 
939	4	108 0.2 497 0.9 629 0.4 877 0.9 
940	11	64 0.5 127 1.0 140 0.8 283 0.7 301 0.7 483 0.6 492 0.2 768 0.2 809 0.2 951 0.2 964 0.6 
941	8	37 0.7 145 0.3 155 0.5 239 0.6 247 0.3 426 0.1 878 0.6 909 0.4 
942	6	290 0.3 304 0.8 433 0.4 473 0.9 488 0.6 963 0.7 
943	4	167 0.4 572 0.5 902 1.0 940 0.2 
944	6	74 0.7 172 0.8 427 0.1 433 1.0 528 0.1 547 0.8 
945	6	24 0.3 249 0.9 484 0.3 771 0.3 910 1.0 916 0.7 
946	8	70 1.0 112 0.3 118 0.9 199 0.1 605 0.6 649 0.4 687 0.3 813 0.9 
947	7	330 0.8 517 0.8 808 0.2 841 0.4 904 0.3 926 0.4 987 0.3 
948	3	39 0.5 446 0.9 555 0.9 
949	4	30 0.4 88 0.2 375 0.5 739 0.3 
950	7	105 1.0 275 0.7 396 0.9 420 0.3 649 0.6 685 0.8 812 0.8 
951	5	317 0.6 388 0.3 572 1.0 909 0.3 925 0.7 
952	4	317 0.7 345 0.5 403 0.6 470 0.7 
953	10	22 0.6 39 0.2 40 0.8 236 0.6 572 0.5 604 0.2 712 0.8 754 0.4 903 0.9 930 0.9 
954	7	88 0.9 133 0.2 443 0.4 472 0.2 502 0.7 791 0.1 801 0.5 
955	7	117 0.2 325 0.4 438 0.5 511 0.3 522 0.3 939 1.0 963 0.9 
956	4	193 0.2 708 0.2 800 0.2 831 0.4 
957	7	49 0.6 189 0.4 247 0.2 519 0.8 801 0.9 838 0.1 909 0.6 
958	6	323 0.3 447 0.9 730 0.8 791 0.3 860 0.6 991 0.5 
959	6	56 1.0 204 0.3 502 0.7 596 0.4 827 0.7 836 0.7 
960	7	191 0.1 204 0.2 261 0.9 282 0.7 483 0.5 765 0.7 804 0.7 
961	8	120 0.4 131 0.3 183 0.6 338 0.5 514 0.2 593 1.0 653 1.0 670 0.3 
962	4	189 0.8 239 0.4 674 0.2 828 0.3 
963	4	290 1.0 403 0.9 659 0.9 700 0.7 
964	10	100 1.0 317 0.5 389 1.0 515 0.2 667 0.1 741 0.6 871 0.4 914 0.9 939 0.4 993 0.4 
965	11	125 0.9 285 1.0 287 0.2 406 0.6 433 0.3 447 0.6 596 0.8 628 0.8 635 0.3 644 0.6 992 0.3 
966	5	138 0.2 190 0.5 481 1.0 579 0.6 861 0.4 
967	4	406 0.2 445 0.5 630 0.3 673 0.4 
968	3	278 0.3 572 0.1 989 0.9 
969	7	247 0.8 397 0.8 492 0.6 765 0.6 812 0.2 833 0.3 965 0.8 
970	3	282 0.1 608 0.5 989 0.4 
971	5	282 0.1 307 0.3 630 1.0 732 0.7 846 0.6 
972	2	118 0.6 569 0.7 
973	9	39 0.9 44 0.8 304 0.6 448 0.8 554 0.8 647 0.7 716 0.4 904 0.2 999 0.4 
974	8	88 0.4 400 0.6 443 0.6 572 0.3 670 0.6 772 0.4 910 0.4 974 0.2 
975	10	62 0.4 148 0.6 294 0.8 305 0.9 388 0.3 400 0.7 415 0.4 910 0.1 929 0.8 993 0.6 
976	5	70 0.8 315 0.4 424 0.4 831 0.9 952 0.9 
977	4	34 0.7 90 0.4 692 1.0 917 0.5 
978	3	317 0.7 871 0.7 993 0.5 
979	5	249 0.4 261 0.2 319 0.5 627 0.5 643 0.6 
980	6	457 0.5 604 0.2 805 0.5 807 0.6 808 0.3 871 0.5 
981	6	249 0.7 294 0.4 319 0.7 627 1.0 643 0.7 822 0.4 
982	8	173 0.6 274 0.6 275 1.0 282 0.9 444 0.1 593 0.6 710 1.0 904 0.8 
983	8	8 0.5 12 0.2 72 1.0 124 0.2 155 0.3 168 0.3 305 0.7 543 0.9 
984	3	89 0.4 232 0.2 361 0.8 
985	10	13 0.5 105 0.8 124 0.8 141 1.0 326 0.3 512 0.8 540 0.2 556 0.5 559 0.3 774 0.7 
986	6	64 0.5 461 0.4 635 0.7 871 0.7 900 0.6 964 0.5 
987	5	9 0.8 48 0.4 275 0.7 625 0.3 800 0.6 
988	3	63 0.7 82 0.3 86 0.7 
989	4	213 0.3 326 0.8 494 0.7 974 0.6 
990	11	156 1.0 194 0.2 373 0.5 440 0.6 483 0.6 554 0.8 773 0.8 833 0.4 846 0.2 851 0.7 982 1.0 
991	4	347 0.7 361 0.8 623 0.2 874 0.9 
992	7	10 0.3 193 0.3 248 0.2 664 0.1 738 0.2 904 0.9 909 0.2 
993	7	94 0.6 118 0.7 362 0.8 401 0.4 657 0.4 864 0.2 892 0.4 
994	9	290 0.9 403 0.4 464 0.8 523 0.1 554 0.8 663 1.0 734 0.6 796 0.8 900 0.6 
995	3	406 0.2 502 0.1 657 0.5 
996	3	117 0.5 572 0.4 809 0.2 
997	8	39 0.3 120 0.6 246 1.0 446 0.5 668 0.5 716 0.3 869 0.1 903 0.5 
998	5	138 0.2 141 0.9 210 0.9 917 0.9 952 0.4 
999	4	186 0.3 315 0.1 410 0.1 588 0.9 
1000	5	203 0.2 416 0.3 524 0.1 632 0.7 850 0.6 
